1388889651
2081407020
3015024627
3707703902
773023089
3853438321
148681264
2324190360
1544642590
2857461189
2556540931
982415973
3611717917
631613130
722165373
428275932
2459153241
907956790
1047971726
2865277603
696385218
4109651648
725933692
2678944606
826342052
1275138080
722624125
755988673
2019850241
3154145312
2535013940
3100298789
3743333725
2758581432
85780264
361515146
773658784
1248588375
1354202662
2491644111
2467201803
1275133984
1275133984
1275133984
1275133984
2081497449
2885738528
1743419411
3260277271
978251361
1743419411
1573594638
3067044789
1743419411
575472204
266884339
2680008716
2885986336
1404283468
304006475
421255104
240907975
2794456091
725933692
984182612
2597024029
2715831792
3991736656
2582661514
458451792
3154406849
2885730336
1281400287
1275133984
1275133984
2885738528
738783278
2885353341
3707356398
2366675468
2704069887
1506023856
577872032
3461969380
2885730336
2885730336
3711951147
1478545302
1527721460
3482620283
1634388471
1618934574
1272629073
3369608219
3386386668
1614758053
507873696
718838824
4006907775
120101752
1748855550
3874430500
2885754912
4136583187
408649210
2368797858
1821601619
720248480
2395256001
3646347915
324349578
520362821
2717696057
897088932
338408518
2504596797
724984161
4257925340
1275133984
1275142176
753385288
202088463
206448346
4185196130
892905135
1275150370
747794136
2429496159
2579163074
1982185160
56962866
3765959562
498826284
1875819393
1313481123
2609303846
635288864
856566018
1215470715
1275133984
2314393740
1122754124
1752794936
473942592
794897930
707420491
730963400
918530834
1755460573
2782853491
2618448445
4077138909
2504003365
190825183
605660319
429914849
596207639
1389157812
3541608929
2196326380
2324008401
2665701141
696819832
1300680581
3166172705
1849987723
2357928517
1799536925
855967941
1791149092
2114338989
2114338989
1202019311
1650343273
959647351
648725131
2684569225
2600664177
2472513969
1405052165
133528426
500570740
1723670124
91797424
230975109
2837610820
1183323756
1217151458
1591251230
94633650
1071473007
3553376615
3515726330
3368193548
3772117002
4068835428
2019850241
3662007386
2225837250
1072323317
11023741
362143434
801350862
3609741200
1607220767
313029672
4120502152
1640605527
646758175
2019850241
87414925
2043156146
909434485
3557748483
3177263309
483006488
33558191
2481721021
2429963579
3387814482
3726329271
2019850241
1222629388
2883742351
2115163581
1512592755
1662773615
4041494180
2284042751
1902047536
379019472
2998164475
2208535735
1181258417
2276272534
3139335833
784199953
3989766593
4188097197
350230672
2169574488
2600454983
2120310765
1839066567
3202532453
2605679558
200428220
738254882
2273893950
1113255174
2909531526
1638958736
1899235029
3606222177
2508227582
2881857501
867170622
1608050417
3862803479
706888245
2091097539
3985248595
3499765314
2877844261
3291374417
1074387620
2554124542
1491183302
590654554
103003455
2853370801
2884349655
1027507392
1772294726
1961050137
4195707641
2499096985
272874775
2727662025
2885754912
4225142203
117422404
4097364471
1737098000
4055580017
2050406343
853983913
4131173882
2286838785
1734129201
2081108103
2081108103
3827614492
673831743
2890932237
1325486297
1847077380
2316875319
1834129811
3110609585
1516029006
3896145884
4046956098
1811982370
333711965
940925811
729244004
729244004
2025798390
1880150033
1149823064
1149823064
330309523
2077148426
1606941552
883494534
738258978
1197291365
3960808724
2309050595
3794788304
74844675
3105495878
2590852218
4228095859
652312769
652312769
3750229682
840773288
3257430412
378171279
3970750246
2901117384
2293288283
2419778798
499147698
2646503540
1215962779
2349002785
3863253010
2510748320
1967394105
1757344379
3352851366
3791527500
1966026791
3526528995
1035435053
2173225968
2038647349
1993206207
3537556135
3893750643
199413917
962024545
1832999206
127486013
978316530
2284927268
1484754319
738258978
2885759008
2032737927
2885771296
1093852378
2236889511
1068636797
3768268702
718818965
3606963363
910439829
103241682
1462259113
175655069
3066747850
103539122
2560283964
2707004213
1224766198
1791797009
2844647498
964005941
1909917970
133762110
3500928098
4122612694
2518302953
431684321
568204226
4228032596
3258098168
320239914
4262190718
368171991
87924326
318008543
951157921
3647418739
1126802961
299974506
3864091326
54848678
2666501614
4193042230
2281000533
2158401765
1453256656
1577825945
1712084122
339307455
2292734550
997032339
3372468297
603594749
2885754912
1991341082
3326687828
2103337089
2319020226
3726567828
3296354921
2247155773
1275146272
3205508918
1131183875
617243972
4228358379
2702693136
2429427221
1275142176
1410014120
2936203516
2752752520
2102176683
922605961
2885754912
3385322866
362981961
240433522
2686060224
2577819438
1843302413
735715872
4086063897
3569074287
1202365556
2629920697
355719697
2534966383
1861071586
1752108745
3766906914
716676498
2714725492
724984161
298957454
1725044158
2634378770
831676453
1289116541
676724191
471913959
4259572247
928315158
4064313506
551195317
428144860
428144860
2179055943
3091015813
2789778808
428144860
3158448545
2218355146
1275133984
3645403724
1563943545
3462446549
1275138080
98226940
2842209558
2091480561
3713094101
768765389
3134630000
3879520790
3339270097
3192250391
2801135913
824802968
2118528026
1141282170
4238720712
1774808231
2161485724
412251912
4168150457
1761802875
2458022523
3747202111
991439979
3516938205
2615559085
3799073203
348650523
1154988761
2853717025
405521993
997995515
2726470817
3644696685
2587771477
1654963648
3991058107
2196775578
150310259
2807546714
944508275
3117448907
1522184893
1660698063
2367720904
1755459615
2928094584
214838760
1402415210
4161888590
2570070701
403479800
2398555731
2406172423
2348851232
1052811803
717634520
812329499
4210298263
2327591773
2382086036
360723932
3737420981
3188197580
4061413762
3333751617
3097683081
573101475
521714912
2524393706
3499852607
33612086
2466153036
1275133986
3422887977
1275154466
1275133986
1235854027
1275133986
619154411
3288876752
985685328
1958733547
1736166191
1845802425
1845802425
1626138041
2746346880
3535870813
878425885
311270042
3108629301
3603309159
2639022376
1743419411
4125173598
3811399861
3460390751
2008059128
345572754
1156529402
1774966628
725273648
731749632
785096082
1468116288
1474037640
1743321148
763945510
3195893302
318386918
2902802817
793317341
2104026447
4126123680
2588334362
1332679940
2481049588
2003099910
1275111458
3540665661
3674834530
3622418116
881677744
429072342
4267600763
3231353739
2659825377
101522939
820539194
1254977345
3773954557
626342592
3316748075
924499388
3400239406
3891746864
2057364823
1028419326
3442231598
3891746864
3891746864
430700645
1743321148
3853438321
8889135
3655962513
3329861889
4213443312
3790208726
481487256
349912483
2019850241
2902671392
3828319035
2488105426
3848487331
3732017166
722624125
1274629733
2696200447
3606068893
1483549248
3073538768
4212560790
1811948036
3985817106
3426666126
3692883269
862692425
1233385817
3649517380
175995972
917792424
2413522680
1743321148
722624125
2367630010
3717305086
119538908
1851788063
177581615
2058265439
2512115768
707617102
3422859303
462082074
3907711189
2504176225
1768651057
2504176225
3068885653
320222084
2893803679
201695266
2886070315
2087454108
140754501
3793634850
1943708050
2983137372
822094969
4236948461
1487315012
1078774898
3524433004
936589348
920960295
3084869586
213821479
4039888429
3582920379
2035107676
1783370225
1897200440
2903654457
2885759008
2885759008
3195733249
1275154464
1035518907
2830092395
4137148390
250616876
2260504413
738340899
2378242263
1779010011
83422231
1158360492
2885754912
2885754912
2885754912
2885754912
3138554590
1779449843
917927664
3022797592
1743419415
724984161
2765683692
1743419415
3949945611
1743419415
724984161
3907143831
3907143831
2348843041
2348843041
2885738528
1932022870
189494110
70084610
581063821
2219295942
4248514929
3631311449
2720774559
1449602069
1957790147
2223034659
4235458983
663530799
3995537571
4286804830
1111266798
880740385
1984062990
3439893145
844180355
2199732683
3144110397
1592180037
451389447
249109766
1793574029
1301114573
2247612267
1254782014
423929727
2643267950
2070730228
1738207919
203202597
580794604
1726407039
3441229646
722624125
1743452323
2204529336
2081960121
321296460
3443677267
3375916013
790732194
2318551000
3853438321
461120472
2600359411
1893399981
577969566
3639826117
3853438321
461120472
1155774542
645764364
3671911903
856389622
1730788889
1290030958
3853438321
461120472
3112939216
968760662
3375025505
930019403
3853438321
461120472
3623577471
3152624516
3441229646
173866643
2004598536
1491821887
4044932420
2986026532
3566522937
2379041313
462690989
618069550
1443911479
1546993860
178497893
4266564837
2962474702
842986723
461529545
379680150
3712569968
2726100467
4104855940
3305044081
2186012684
2708544892
2727013342
3154193905
1659435042
3523520503
1275138080
1743419411
1630001528
3674907405
2539505809
3899960217
465206869
1743419411
2604342278
2162122811
1743419411
1743419411
3820787878
2872875174
3170606254
3166411950
936130332
4155366136
441542066
1051911449
2774077809
774630497
691321229
1362536876
3382231545
1966616313
3690969353
2710865620
722624125
722624125
2204529336
3853438321
461120472
629831816
4216431833
306734865
6766705
1626149572
859296549
1670930250
670680153
2231273486
722624125
1274629733
3464044971
2080452741
254685047
816497450
1950800478
1326923250
1701580001
722624125
4003530214
2013836141
495545692
3040338021
2616244612
597386825
2669237546
3052458445
722624125
1274629733
2056277985
4232790055
3478308705
3853438321
1526653618
2360009461
1275138080
1275133984
1275133984
3918017303
3554957322
3894947843
2885742624
3358076931
2885738528
3633326542
2885738528
3853438321
1526653618
2234111077
1331492896
1297938464
1023569642
612208946
2671045473
2181025954
1275236879
2234111077
827162502
3188069890
2639015954
2682980966
428276449
428276449
1479708271
3191017001
2750044904
364678427
2799842433
722624125
2779086985
1003455527
2903208555
3832647219
1939384121
3260798721
1326923250
3957789098
1290176639
722624125
2204529336
1275142178
127944140
4246972630
2808717537
3427305618
2078397613
1811996707
2885734432
3963017226
1275138080
1816172578
3853438321
1598110695
457944088
1898738330
3450408124
3556988343
4057654718
2644741482
434505849
3260687548
2241075187
2378480152
826395360
609103372
2919657204
2889631174
2675618137
1887061182
2675618137
4088925426
2675618137
2875552890
1288172459
923172619
1017635065
2219131163
54828688
786079164
1062535925
1275174944
3056565864
340906877
1638170237
1071018997
723075375
723075375
451361402
1288788235
97224199
1163307856
1568265127
684686532
3445616995
3402452740
1275146272
755191848
2240564132
2201319118
1771444741
3452639224
4142920206
936976797
936976797
603922399
2387146787
1821476688
2739207955
3230071253
1187909862
756482082
1744697493
1006952612
3879101200
1779212785
3785367897
3027958444
1571045759
1393218365
599619350
2853430993
441793244
1743419411
2885730336
1811996707
1811996707
3039275470
1743419411
1567155582
1733679053
1555932619
2885697568
2885738528
2885738528
1751351593
979153846
3060829931
2886017056
2274209813
1622794121
3819610328
3821560342
1366208748
2019850241
3154214944
2885705760
2691687301
1859035753
2231599082
3697823880
2829580168
3980537100
2932357114
722624125
2182379594
3556421719
1167937373
4094966520
1793516463
1537440515
69919487
989813969
312271461
430176977
4032456904
3569359845
915391923
4173984720
2885754912
3777100690
722165373
1891145342
264905347
967538648
1803167150
786931590
2089040749
9944102
2019850241
2652752023
3252869688
3142714256
113718863
113718907
2095797336
347879843
87942809
2196689933
1716820182
722165373
97667109
1614681233
1301114573
202874917
1403083068
1275142176
2886017056
1331020127
3915212342
1456862302
91562466
2603322788
2495104664
2734310583
3919859780
790019628
2660980347
3764583392
3334645991
1743419411
1608336058
2999341453
2999344525
2885738528
738390051
4036124564
4036124564
1006901362
1833694424
1578423299
3952078125
1062306107
2323891179
1477947586
3315557166
1275142176
1275133984
434205297
1101668162
694566102
1563301474
3798582586
1401844480
1604234640
3000543471
1632580417
1438091775
3692172080
1873892517
1873893541
3114261209
413399133
1051950548
722624125
433256649
2814502935
2155121244
4164018948
3915587197
967637729
2406927987
4121058778
3221580701
2758641761
3259009057
18420156
226467967
587057038
825017157
176716864
3952326344
1896825215
719354025
2350047237
1683155940
2885754912
3983219882
28123767
4228335732
1873042809
2744148089
1264126282
722624125
2441079374
2761366996
1111935660
2716829247
3534553275
3030251601
137185137
1894157350
2599550974
2700367347
2049241068
2080589938
2080573554
2019850241
2080589938
1557436454
1747523617
3695991144
4270860368
4270860368
4270860368
4270893136
4270876752
479304960
771061019
2878363485
1022505179
2502231197
2048633385
3969160771
3508721682
1053193118
3442970957
3821044032
1196216629
305297969
4089763112
1700705598
1674984672
2023657705
2085401968
2241834998
2474686289
745053664
555555911
840033681
722624125
2580543578
722624125
722624125
1743487096
3618232932
281270503
3930937702
835970724
1108769763
3778369934
3937616766
3853438321
677671687
2019850241
1490580738
342776305
310130211
1738491845
461120472
3770557691
1003962175
3689295923
1275138080
4228558157
2427187717
4005856219
828032178
1811216394
2709475154
242495410
736557066
736622602
2753126034
1533125070
1190088186
1922981777
1835599095
155842177
3740655208
3895978384
398536688
497323219
1577350462
251636703
3956765610
134189023
2941220515
1468948999
4020489206
941274616
4102745716
3642159218
3927462198
409115253
1337672798
1275097122
1275097122
1275097122
1275097122
722624125
1275133986
2106936047
2286612492
3853438321
461120472
3770557691
942981582
2963464311
3026210806
2411282872
3560361070
848329752
2991303626
1526653618
25801547
4184869698
2695014239
2237335069
2022356237
486052718
23811018
1020635380
3092016149
888162551
3869379153
1488831165
1531241120
207036558
1526653618
498050523
3687612379
3279444645
1526653618
280278832
157155523
3129166073
116312214
1383422808
2442734498
725410122
1687924290
1957577453
2643769022
1768937426
2056850987
78288268
4177425987
3747974417
1526653618
2891680626
1806602474
3454957821
4013980963
3394949111
805111982
725410122
4097397730
3604021035
4045362047
866106727
1526653618
4029335455
1557076592
2080772233
3531913490
2982389051
569075892
75479973
2019850241
3033233988
1308388609
472297119
3518573685
110133711
775758230
1404778787
398670248
1712907551
1107407832
1191913179
1285617883
3853438321
461120472
3770557691
1129068509
2161053525
2903670637
2867542040
3243712821
3955108349
2371698106
461120472
2203202903
4130167222
2086306909
2113627509
3381049705
204155068
139337781
207323718
1563631629
676646651
4246124687
2985337276
2781590016
1736748423
1803295923
569575885
678143715
246186087
1550465545
1533431613
207593501
4020489206
373677066
461120472
2203202903
3431837418
480369026
1330089721
201472186
201562298
3532560571
4020489206
32681949
1404594243
1526653618
2140870585
3858833243
433920347
1487450757
1275097120
632814284
1809471567
3736917684
941722526
494555820
3308333648
2580150343
726935798
4051452461
166666151
436115574
3973329652
161385609
4228296876
4228296867
2191418804
1989720940
1418184668
1887983852
1221799979
720762880
720762880
428145385
4166694549
2970332699
3666360029
3543063830
518491900
1822738569
2250363128
3422887969
2353839644
2995912754
1679519978
2872203991
1214140232
1632572097
4224841318
2324248851
1891282810
352661051
352661051
1437203059
1437203059
2936136376
2435192738
3459821686
2022000750
750983402
750983402
1656092351
1656092351
4068201179
4068201179
3853438321
2260809465
3853438321
201338922
3138678817
1997913006
201388079
4026089723
3732555644
707682634
62955684
2875399011
1545007907
1136922898
3775075469
1979104978
2807970420
2884386993
1617280061
4263488266
1916714680
500361974
3974193020
1862288197
2283215685
4263488266
2613231257
738222114
1638261957
738287625
1717030611
1372834776
3853438321
461120472
368830941
711989379
2478183867
1814155294
1850349379
2787380558
711989379
2087416884
969050796
3993839094
2119286113
2873201775
213540280
3698313739
3698313739
3538556554
2737586150
875576259
835931024
812608680
4091975326
2104773930
201793571
199544403
3905869525
3944711050
2718150255
3155336204
441011926
362485194
534241801
2792034265
3905869525
3944711050
3155336204
441011926
1240277928
1159239781
3397235506
3944711050
331461548
2267176103
3621476695
923874894
121875606
961553635
326836310
1526653618
927430935
836976291
581943211
1997913006
4183579939
3432899141
2885759008
707682634
162458740
2365015392
266528286
1735131072
4211049496
26443549
1410665785
1503922530
2388441305
2859580328
256766034
269249805
474610653
3609594836
3342172595
103172721
4060408925
3022910248
3117043373
741250966
3886114312
719413775
52942581
3721773873
4157372358
87866615
2997970841
3262056828
422697388
2817232878
1190048058
2030848213
1594874789
3675222874
3404685045
1731600246
3332514294
1107044173
1512758815
3101577458
3020024352
4189107368
2364193553
3210534829
2349462215
1306375807
3022910248
3391462607
1724395847
1610424459
1274726227
3251118244
3216410966
2798938622
3704711388
42155404
1091367705
547330901
3379123227
3582419705
1650374937
573696516
3925155706
2801065548
1209702796
578235092
3853438321
1526653618
2481101491
3760436512
3376538987
1867456523
2301360292
1902496215
3573428982
230898771
3075835574
479910221
1545352791
2132518443
3171184334
3146368691
2152949854
178408008
798601599
166683147
40392073
337218819
158318744
186345916
3171184334
1556635230
2464316599
1870063570
3980855481
453776653
3441497658
1130996774
2255344861
159354549
1369809324
701761982
4111359142
2257441965
137967538
2689451673
3665504163
1033958474
1276977182
1506103338
4290091961
1364981962
1372870995
605148429
2544898237
831843113
1678827964
1384666142
396662365
1634770537
4265238659
1971305727
4226034075
484917608
4067506695
1537944295
4039151395
226663760
2288851496
501874918
2501975109
4023161962
1494231324
1210368748
2354558128
808039601
1523657466
1201085157
1092791247
4524157
345013484
2931563801
2793842505
4224444642
923017521
3755744871
701390044
3317470731
4041384216
300377370
4264213235
3538882432
1632581825
1300985232
3304466297
1385669756
539602606
3332030983
1471074660
3267131916
3593070875
745515270
3353654364
1541768695
2732860844
1275129898
1275129898
3047264168
1831865144
2336089473
2429896599
2958523388
3895212094
4035632760
2705894548
1072970921
3306293099
2565556706
3913771904
4190143210
3076227376
4115579083
1774464453
2248052910
2113109878
2300181282
4254782531
4108865230
3674811645
2991212707
2636925168
1363653887
4088130626
1909228977
4212185289
1885600482
1924817574
1429137878
4268845794
2856026292
4240966616
790317171
3564337708
2483157022
1883285982
1522372253
935093918
2572340700
2437765660
1922196775
3553412600
1635335766
508971659
3963114505
3876652212
2549952569
3619672299
3823669514
3108961563
2075834121
2272734244
3480996200
1387370264
4263488266
3423969326
3423969326
3423969326
3423969326
3423969326
1279672862
2771345385
1765477479
2944700381
2944700381
2944700381
2763700386
3905303956
1811584649
3035841265
3385181745
682074482
1984934593
2865712091
3306753100
707420490
4146996934
610843992
1874607269
2362921486
1724554038
83530989
2838514669
2885754912
785554830
1150360884
430045237
1497682901
1858447885
4012397538
3771119416
2814557982
537249009
389254935
3941424068
1845844729
457944088
3457199843
3126052801
201383978
3392564509
3428737078
1526653618
4013834822
803740361
2469804887
1240230742
722165373
1767344840
1698917768
2032051076
1638426539
1973470260
860347838
2726103741
2885759008
138890769
1543569403
1241142621
2683804956
2213681900
3503044260
280838465
3028929944
3020050825
3867282847
2422461468
3955427606
2615574407
1404672466
1710992915
1253634221
2464515188
3141785224
2047264059
1853532544
865534886
1856501188
4059007317
2646161203
1138915518
1059115280
3738448169
208190553
1212703819
1179678903
1455342225
2986933482
4116600184
3042782157
1127741343
1343544267
893476088
3109944003
3215234819
243712357
3785587621
2774831939
722624125
722624125
722624125
752280119
3387739639
1219959719
3154406849
3154403777
2019850241
3242531002
3927274266
124938676
2681514753
174456583
4119340547
4091433650
2068024868
3408348313
662566490
2869649008
755988673
755988673
755988673
162720884
1743452305
1743452305
443358980
1148707172
1275129898
1275129898
1169628604
1148707172
1275133986
1148707172
1143459946
707944786
1589977530
1571489900
201654306
2433940712
1297938466
3727683889
3727683889
2969048077
1090157680
4291718403
1159509653
424223934
1243968504
2944816586
2869821041
3588982808
1096471361
3538882432
3214156385
3853438321
2886017056
4064636011
2027806464
2477027476
2429539272
722624125
4234240002
2681452307
3042078386
3042078394
3502718864
3532421361
170398144
2921391121
216511650
2895891320
970031648
3048029499
2571922468
3853438321
2886017056
2885754912
1526653618
2627888446
2885754912
1526653618
4137096671
2885754912
1781151575
4278556662
547858811
581866789
1073090158
1073090158
373939998
133634932
2540101245
2665995472
405546367
3968732646
2427608160
3179646411
3179643339
3601048992
1743419411
2124814509
738336803
3185386181
2366246955
2885754912
768869223
1572500364
1788543273
1572358540
1570665356
1359920263
554784095
2155431725
3538765759
1586501368
3062341219
4268592086
1273540007
3655733805
4235946947
2510301547
715718074
2991128380
2439876270
1039310399
1096882121
3700298911
2395612639
722624125
3493424755
2566788276
4049031662
2885754912
1526653618
849718623
978799498
2626275850
2625832517
1709805314
3947514413
1962838206
3565628904
896815708
877628509
2762164186
184278692
429128417
469009463
1945239331
399392829
573843729
2188591796
3759804135
2192334743
2331211777
1275396130
738547865
3688915298
432806261
4230281654
201400354
201662506
3692599448
4039934295
1489473388
1275097122
1276440634
411105987
4050101656
1297861858
399458365
3970234410
3356764012
130697058
3952480268
1134515764
653014158
2787244597
4040377469
982298866
3767644144
2467978912
1194131111
166579719
3816643563
1866558495
838654965
4037782640
932760559
104850904
4208226704
2265013666
305773389
685887193
201367586
3688587513
1980375003
4255270839
1709191014
403723141
3921065487
1275133984
1275097120
2885754912
1275133984
1526653618
4244895792
460717755
3119650692
2400583433
2069934042
967895110
725933692
3359456538
1275097120
1479168791
2556381614
1644479591
1747605539
2351341597
160136090
437728703
1275158560
3114747688
1257306144
30142463
1484911017
1005141175
1710530107
4003474119
201662506
4158305585
1387838184
2565761611
2796293028
3224294437
28881633
1275133984
201400354
2885754912
1526653618
2655549442
607400336
2060340423
1167531452
1167531452
911046627
1191373942
3371141123
3594327137
3029078699
3651811779
1090803330
3872833164
2017509000
2196169311
2312010868
962027193
447761064
1370987287
3746664434
2944783428
586919274
105686246
1455380432
482993874
2186615618
1275408426
748159847
2661410734
3007197708
2968110437
3760059138
773402261
2233287238
3088126078
2321519984
738238650
2654788630
4117024319
2138256131
3853438321
2886017056
3119650692
1526653618
108425066
2015899783
1212427675
162024125
1053471033
3776718443
1992506342
460412492
3483956553
3624684193
1461957238
4014956596
3407890097
2016085902
1989941300
369331748
2436303221
2290967762
1089888077
540919460
3295163017
2169090437
11473414
11473414
2886810651
2669993951
3753139823
802099585
983992241
463498845
2459693378
1275142176
1275142176
1275142176
1275142176
1275142176
713989438
29593129
276897188
2770339171
483543780
2536444774
1892618797
4039061604
1774837996
3017486912
2804891223
2804891223
2941810870
3077970740
3252430008
3692507326
1270779698
4218320216
2759852721
1079990901
3161746478
728260964
542249202
1979926836
4180259458
4243540649
1248083633
1275133984
2808880095
162024125
1846672476
1033661485
4180990428
50203762
598865905
1986683926
2926945870
3764693311
634307228
3926695665
322465426
926854096
4096900269
2885754912
725377377
2452691240
249874766
2429567751
2792318218
2055063103
1793686009
3213347614
523734747
297444842
2885754912
1526653618
3845156325
829327800
3930668299
4225568076
746467648
4211803165
2398901464
2966531086
1884266702
4213059874
1664612524
561252295
3773954557
1743419415
1743419415
1300158942
728260964
926854096
4096900269
2885754912
4030754234
4163095090
3832439720
607723489
3989127204
2303437130
3199012594
3349832424
1992506342
483543780
140573219
2494019225
4003497641
3611066027
899384572
1257013299
3608305469
2258031679
3726274493
3633926948
729713280
1997064047
972102865
271423015
4110604233
2338037561
3884694672
2338037561
2380917431
1790570528
463027147
3353887448
4248281083
3266076162
2886070315
2658168351
3358547895
1501395446
3320137566
2613741568
3851588938
2538034647
3450909784
3732327842
3590430383
1450061110
2478086844
755979511
3246817896
2885705760
2885738528
1742366345
3607467981
2586239310
1289422680
1994211828
2697211460
1030322073
1505016193
3167273390
2055090087
730242324
210743820
3258888735
791608425
3943474388
4188406806
2707798417
1336665592
3941454230
3130214617
2773524061
2181094899
1571762638
3600910581
3766503931
547858811
722797244
2019850241
3495060767
487308376
1008301458
1006905458
1006905458
919659733
2002701081
2891675688
2891675688
2891675688
2891675688
2891675688
2891675688
2891675688
2757457960
2757457960
2757457960
2891675688
2891675688
2757457960
2757457960
2757457960
2891675688
2891675688
2891675688
2891675688
2891675688
2373776087
2373776087
2891675688
2891675688
2891675688
2098670089
3725687285
4049103996
3949600238
189792372
4067644838
2938722915
3212663415
707944800
245314183
3198524703
2539424609
3342676391
1538912879
191693777
2866888985
483543780
1736198224
3648015271
2026183494
2705713350
2885754912
3048949974
2177739820
1653681677
635922902
1701481835
4119802711
2326749419
2529133258
3630878615
2075837360
3679340818
3227423562
2209217661
1726410997
154376250
1137778860
3265122287
1477231657
1980047546
3161746478
3160253096
570838739
545342888
1276977183
2924750746
4180259458
352677740
770139592
2645214358
2121625237
2581355394
2210319424
112538909
3464158501
86461607
3396061345
1812111395
1709805314
2019736784
2523690658
1709805314
2019736784
3378056938
3252370049
108090240
2644865405
1165019433
3487182531
3457044767
623545735
1605695678
2937387742
3043896963
3415107292
2966995679
3154241649
795450754
708371671
2509927615
118909513
779519927
6821836
93743825
542859684
738566179
2050640304
927513665
542859684
1757102836
3773515267
3040039993
744622148
4228335732
1857643546
1263040935
266488649
197601798
201662506
1281204379
2696149595
3119650692
1526653618
199893239
2200990937
21412550
1685123345
3222511542
1199964608
700119644
979395380
320009544
3612339776
3296451659
2374685700
1358111227
2641460166
3320712181
2384925789
2835956564
3765704658
256772423
3090302986
2125770834
2466816497
849223518
3919055983
2759882251
3408885088
249296503
2946579603
693056669
3959452166
1275142178
2081497414
50436481
1155813499
421814519
2707738121
956024298
201400354
3160510382
1120679127
4126817270
4125671659
3036892046
3452815423
2115304967
2157431470
2510295501
2516077377
1083041570
1514800987
1157916717
1275437098
4084151912
821666486
3369544212
977265147
4048546938
201793571
4225566148
2596010066
2588665856
1773865809
1173918094
988806986
2019850241
3688915298
3688915298
131849453
433256649
2277317899
2277317899
3688915298
2277317899
3688915298
513027133
2928207332
2277317899
3688915298
1948167537
3726674453
2708275592
3055720059
171457249
722624125
2080751749
3107496888
674225647
1029009116
1973198944
1973198944
1973198944
2193414872
3845496281
2235357912
1029009116
172820180
2193414872
2914347300
1330206156
1833720031
1381305006
2708860476
1526653618
2349195297
3424034863
2116222711
1812111404
3076467110
1136705566
1074611695
1502263397
2885754912
1526653618
2655549442
1263964359
593938351
4263503765
684349242
2917515476
2975261849
3905316223
331635728
3523519713
3171184334
3684844734
3684844734
1489261579
2885754912
1526653618
2655549442
607400336
3119650692
1526653618
808395354
2041166505
1243718720
4041685041
201793571
2017709535
2017709535
1243718720
497912660
3538882432
3253034126
2122937332
2122937332
2122937332
2122937332
3538882432
3538882432
3538882432
2122937332
3538882432
2116228828
4058457734
2017709535
3538882432
3301278062
2017709535
2017709535
3538882432
3538882432
3538882432
3253034126
2155388258
3285599123
3538882432
351186339
279018080
1243718720
4058457734
3660307104
3538882432
4058457734
4058457734
943310944
4058457734
3253034126
3538882432
3253034126
4058457734
4058457734
3797608719
4228105863
3538882432
1575586311
4058457734
3538882432
2421751599
4058457734
3538882432
2718045986
3538882432
3538882432
3915377017
2866347391
528137544
528137544
3169014763
563712072
2589631984
2589631984
552003388
1934309255
3509959831
732649336
563712072
1750509144
425993927
560278795
3890740967
985089104
3530955203
2665656171
1089421796
49424846
3111585087
3111585087
97485484
3111585087
3111585087
2338051136
1430184629
3904542127
2881211063
3514047949
3422887969
470097953
244967589
1227331422
3210636594
184876441
722624125
722624125
722624125
351587029
3662184871
2098250981
2098250981
1280409198
3575822601
4050184894
2311117072
1711532869
4029279642
2885754912
2499877162
4157945303
3312541588
2951385257
1323901220
4182865534
4164328165
1932596202
1302054039
3040344708
3040344708
1657233095
1007895099
3595884520
254106119
1521391987
1375142132
2571559894
4079217558
3683571721
1490315326
2793012904
3594235457
3569323229
3351605030
267378579
3132239220
3000285012
3154225403
1011642101
1011642101
2580428997
759975957
2885759008
1057339523
3033852726
1025090249
2805110027
1970016535
417462417
2694314151
1525597387
2907093111
4290786127
1217259277
2739674213
1510953905
1884894397
484818984
2885754912
4050589911
507495951
1637079668
3989836620
492118071
1275129898
3690214541
3910470398
3092242024
4251709575
3103273174
2316338463
4092025667
1564622634
2047552921
1819207663
849443038
2207640526
1834466797
2336057247
1956285565
808723352
3786963266
1937378290
2075764196
3266013756
2887069729
2887069729
1741411625
2107742369
2125681691
3759280749
994355680
3659518121
450883133
144287752
1840428775
2740515866
4046265601
2369239936
4117095291
885665470
3880842352
2669396638
184088591
925865869
885795833
2951788299
45619408
2480879701
45740590
2739997798
3327950952
4058457734
1246579109
513259806
978737714
1903410015
2740732690
3454354490
1351283777
45740590
765509858
3155273947
1204963037
2885771296
1365772340
637079346
2547373293
1099065648
4109405037
47198940
230349752
2669396638
3015257250
1298916491
2223394350
661575802
863167126
3032864000
3358351786
2142626479
3452114345
3253592986
885991709
1751518874
1039521347
2000790832
2237741939
2714715794
3201024633
4027567421
2039503597
2335210359
304353565
2122818583
1446502565
2913144884
1336154977
1903885431
3891157397
430176993
746297855
2477011316
3729349428
2597937733
3704164397
2019850241
636235329
1275142178
2598512875
3849831637
3849629905
4109424046
202092581
708534732
1791928928
37005106
201498667
201695275
2103114223
2664229528
1526653618
670451871
4171709808
2771825144
2775510554
1214877303
3389224360
2565175693
2783796139
2940463207
2330297925
958503228
784183572
851266056
1142311181
1276089578
2354835509
3535942245
1647841840
1547242883
2546698841
1934581325
269820697
738004259
3141588181
3703359954
3937722424
2932515511
3111585087
444272760
2203470413
3711889605
2066652876
709779786
741966283
2534810578
3182198700
3758282029
4181232632
4037578356
2886037536
183816386
4192068890
326246604
2479442367
3917901210
2536693945
2944588534
239132499
3085339667
2595864379
4224460308
1437943449
4224460308
3936472810
3668669936
1183344500
180791665
3892082131
1064855364
2314720382
721936665
3361485738
3532606121
3532606121
3952861964
2710572625
905132329
1685714159
1863181814
3678707681
2455008656
3752149937
1243484689
1617541200
4271234949
1139276626
1139276626
2319273722
3884584958
4050335978
815683988
640723690
2277657794
2140684866
2811478796
2205130965
12256986
113527114
1903543117
3960648382
1831894775
1425745695
3295735122
1273788291
3219925402
4219068382
3872746661
3872746661
3872746661
2882212702
709257785
2345407061
840033681
3776510964
1612968751
785096073
3183730169
707420490
1123490826
3708965362
3708965362
1612968751
3721001659
3605304263
2200059509
951012084
707420490
707420490
214882406
496789531
3173456878
2118871118
25870377
25870377
1255775831
2217216298
576434168
1007349446
3403124636
1275097120
2080751749
2080751749
2080751749
2080751749
3241546536
224897451
149197319
1081477410
2240286400
1612968751
2080751749
2080751749
2019850241
2019850241
3800441439
1632581825
3895838026
96761589
792801518
889347930
309488623
2891640885
207690185
222705295
2898837753
3719158451
2024199516
4198381202
2016792480
648992940
2663449375
1732545633
491596538
644433075
1021582689
201335301
2891698797
124652399
2348367423
3137156549
2101170669
385504946
398621177
2116350108
435490446
398621177
2983511954
3816801207
1267611022
226337419
1373070283
2307873269
1296975557
173538585
1860610564
2225988038
490717017
2171041935
1398635828
3532014685
355371545
1378653726
1951281285
2026807393
1346803832
1286886261
3675069245
703643773
2428367770
2885759008
718237883
894799092
814809704
2022733045
1936107761
3246842053
1753555398
145193298
2579272191
1275535407
4236094620
604122762
4227524397
4039184529
2828823752
263874515
711047537
4174128395
725933692
3024682448
159412663
3389602419
3389602419
3389602419
3389602419
2131673604
2131673604
3389602419
188655804
1275138080
3021529020
433564379
31889525
3137156549
470259468
2708320915
4234686276
655093395
1265653526
3470525696
362856830
1645523021
806219282
1317165134
3482737313
328800962
1540375293
226337419
146486201
2575857699
2692608757
2140204923
2311253847
324918659
123110893
575829168
2127584658
4284729869
2430623967
2297755754
2752751976
790643376
1373114136
2071823101
3818829547
1812000803
1812000803
2127142858
3106725710
2602873764
2946238624
648992940
2637190084
4216212093
3230826015
1299030235
775854323
35103661
1849399762
2988380279
1156491139
1650819480
956553727
178952511
1428486111
3233126757
329336895
3246231443
866423521
3761074103
2028023013
189222622
2669505224
266807693
3650348591
1943118226
3601742008
3401065947
1146082830
3685692550
1234031585
141542410
717135162
717135162
717135162
141542410
2885734432
402318299
3106725710
3253034126
2500258262
1238343935
1571572591
1010493376
2074632735
936219317
2326215028
4180162957
1468572660
1780220433
1328523696
1981012861
3745209163
4204208617
503266486
3956777066
1619087410
61391709
99632147
3808654976
4228403840
1163182381
3841486633
3401065947
2788157433
2216630928
2743399970
725410122
1829415724
3529408243
3044127800
206938148
1275146272
648992940
786835093
3502098538
987402762
3720182089
1398151365
3425017939
3851948403
1650819480
428145345
3787012050
680762979
179733862
1763565271
741273297
1856890203
1181499601
1074147368
2730231106
963177407
1289425509
365591530
3091611450
435225646
677998974
2772869002
3570605826
2430642761
2178711671
2822668703
4144917959
1275166752
1275174944
1836360914
3699940595
1899900017
147033686
2853348571
1096791356
36024700
3401065947
1265653526
68774324
3657466821
3240815480
49402998
1168592967
2665816156
2893787215
3185386181
3496475483
140397887
3769275504
407360425
201400354
431071550
3014327615
4210366130
4241927590
201433123
1132227309
954487971
1843260946
1955046361
1470236344
1797880180
17694703
4006585901
2655361303
1222620033
3704291435
1282482543
3331643262
2097014709
625855142
2847054877
1338999887
3795722757
1338999887
2022543147
2783423056
21782298
862760260
613248691
3956489123
3760978826
1523157023
2885738528
3444761043
3026173274
1716524273
1111052937
1324855739
3036666580
409829772
2303893672
3462591387
699688316
429398099
3620931126
2665816156
2350882849
3166483046
1859009568
1160896860
1253142282
2680409088
3737034459
599841889
3399907266
2555590025
3183940246
490911496
2328558111
2546541819
2829844955
2181670129
3913300512
3321991835
3796423033
3498461996
709477279
3960209008
1957336433
162024125
1032331369
57398445
1257420213
3887091515
2207004348
3543641060
1220297272
717931027
1697997826
1428862474
567862659
2154013432
3282916782
1506014947
3656981721
3912777930
4035771816
287252109
1855716411
184088591
646703671
1027273935
3444020579
769356912
2248429941
2099556523
3901775841
1377304231
3666903377
3383302772
3957004110
332723055
2665816156
1154516483
3560455797
2649570521
1312604001
3148093786
2829248153
647614201
29037265
1956646494
1989941300
1775516812
640802418
207069195
1782196998
3180298906
11167016
1992476542
4262236711
3052258397
2333996809
1214491447
129102878
3084376110
2804190497
3975575065
1530501770
228491748
3401065947
3783429754
2665816156
3252968590
2561402086
2647090298
3242859828
4002487823
3538882432
1052995545
2019850241
2818130056
1885776165
3705298860
1885776165
1150670528
1277636451
2110328326
3776654699
3571284380
1145432501
2752752126
1617789243
806424906
831476349
1868818331
839684416
2885730336
3185386181
1301091648
916311554
4210366130
1610422592
3367476306
244621377
3215999696
1676127833
29037265
1956646494
2253309132
659976830
3584543087
1903627292
3039442562
734489018
2752086511
3234433005
3782511500
2700791091
620168417
4190561745
646777846
4131306850
1033455462
745443457
2984208373
1182241452
1276841454
3401065947
3103833287
80932738
2206627749
1666197887
1156774288
1885776165
473370695
3839341158
1054575402
1979469934
2504621029
2731037533
2653305074
1714880881
558702449
1009165539
2411228655
234524825
731749858
757361754
3928824312
382970857
1590739566
739405558
299444030
3053024904
955360691
247206551
3900784270
1365347838
3114042091
795167352
3278333387
1784423415
3727195828
2919135701
3250839646
2504982662
668317964
2660916458
774333070
3538882432
1632581825
162024125
4090424489
2081001985
332050341
4277287398
439142354
2487891180
3638333338
2841978875
2870412712
2647731806
822372195
3059542650
3585439596
2429023082
3422711848
1804220084
930357045
2034162298
576425624
2591201371
2386886393
2386886393
3633865550
241557122
4127480424
2163843233
1144310266
3225668062
1283021044
4075040113
1743419411
1298316846
121412850
718380351
1004807490
1510672969
1226525717
981412835
764649564
755687214
3543874822
3409705997
1033991840
3420702124
4025495602
3332677268
2540253477
2048588232
3134196214
1327280815
2397254280
3973669686
1932382737
22648461
4149495190
2622913816
1713442613
1274490131
110915547
3304662679
1179318649
1839976538
3956863319
3503728979
640739867
2187395869
2606703377
474112188
3426902193
4117139647
2954799780
1446643388
2109852459
3671111222
824964638
4244078579
1649636728
2086115327
2808106412
3097424282
986734076
640874286
3079533095
2426860468
2616523302
4121685109
4205795875
2734126273
1983213931
2456522079
3974082430
722624125
442528796
3595081987
1105087434
584478496
2855837867
3635907262
2423200135
2931616526
1196238165
129998824
3726089572
1196238165
1196238165
3934292314
3898401819
2110770961
2595913721
1533618524
48551274
164928655
492087769
1668589663
784702867
3728510822
1743419411
1672371324
2887830791
784702867
1033991840
3989790152
2331177445
716810141
3192980359
3105011323
1817969264
2619886230
90217570
1920827701
641520734
3956473496
2470575949
641520734
1653371900
2000748063
4221273261
2113528647
1563528389
1146017326
2538063737
1888929354
1948686591
3309039824
3736625058
475691921
3036383809
1009648880
1890025319
911209666
2460576709
1168186933
2596061711
2725406134
201777392
1774713100
3602901907
1937977801
3602901907
2994367468
2410288371
2983691238
3676703989
1436544863
905318613
1048309817
301337464
4142464448
3901207524
560528430
3172668896
724885834
1743419411
1743419411
1743419411
708927823
708927823
2019850241
2699657901
1913875775
1289396147
306761337
278460199
4037540950
1327814143
3184168878
3489109815
3931720283
1331220203
2700449031
2057331178
2348867617
3125463103
2080520295
2885783584
1893749718
206198132
3950152748
72211406
2405270211
2904123951
2734874279
1214642863
4136307219
1812149340
3375346701
2827183034
725933692
725933692
1959178019
691981160
3764742455
1120582543
2021280572
1006905458
4228335732
4250530593
4250530593
4250530593
68652603
4250530593
4250530593
4250530593
3248948105
1301114573
2257854276
246262864
2353576299
1050052697
1050052697
1050052697
1050052697
200130827
755657629
722624125
1792348458
280042140
724885834
2019850241
2490344478
809238229
3163929936
1275146272
1041485988
1275142176
4018097070
1533984148
3352000415
987079314
1150360884
2499138449
1150360884
1229056437
3582165302
3392481536
3111916281
4241662987
4241662987
1295106110
579298300
1536160070
3914300068
3691228566
4055091606
1206374222
3452402708
48642007
49541889
3046910302
153716010
4208382256
1937822961
1150360884
2974123248
1743487096
1743487096
1134292488
1743487096
452048711
161981408
3219709797
1275138080
788561567
2597992722
1404032509
1683124966
4237248594
1750334032
3286228488
2745966978
3279649993
122744413
3869992884
3117887318
3593293804
428848990
1977828881
1473159840
2626480809
1766299063
4149193021
14360037
3696772634
2886037536
3058735499
4161605513
132987053
132987053
2019850241
1835610974
172684436
3047822018
2918739165
2221174386
3268648173
1023008986
441709264
2592742824
441709264
2060541664
2712449631
2192225956
2397651815
2193850087
3780998106
428415452
3503519305
205559842
4162900084
2013983011
3059552946
1569645045
1743845420
3422945637
687604786
2366943070
2842686367
2887149611
3832345491
902482002
3892883756
4028692918
2182275669
2547348774
4180256883
2942398794
3320062443
3509763472
172137262
430111475
2960254600
4083248109
2191343342
4282572451
722558589
2501748924
3923024276
1275146272
1485211933
1373820424
2875646655
3104378415
1904124902
2903188043
720655921
1275111456
4053350489
4018546306
3852422968
598656752
2966241738
703622938
3266471724
2434493285
3266471724
2434493285
2373199795
2434493285
1396480124
2434493285
1275133984
673207725
1212496457
2114851520
2387876869
4248614909
2007695945
1265934698
1275138080
1275138080
3667000999
207189249
221320752
722624125
3301013186
2662061985
1275142176
1275142176
1275142176
1275142176
1275142176
1275142176
1275142176
1275142176
1275174944
1275174944
1275174944
1275174944
1275174944
1275158560
201682977
3916663868
95200279
1962018825
2169450589
2729745324
810186152
2969418230
2703098655
3492974922
1122618901
1201853902
3156803122
437596321
3698530361
2658153860
3753445298
4217322745
2570645920
1504399567
2933514747
3781020415
1275111458
1275133984
1259091589
1205356346
89791097
1275174944
1275174944
738258978
3154349513
3154698441
1275146272
2080682119
1275142176
2807529269
121606027
3427356980
2412599540
3258985457
349664276
2412599540
2219544363
3464102056
108312575
1090358370
411850673
146452981
2254626478
3165997167
1028674989
2136537125
1953249763
2724285931
2983458384
630694753
3778574883
1037909776
2081630513
2081663281
2672660014
3592932454
235513361
2303769298
4282132533
2024119477
1804453534
2071934541
2854722705
3348704169
2887245871
2984262444
707944800
1289518412
1354113940
3371603344
1354113940
201383978
2421183006
54842457
1143843505
498900233
1139649201
498900233
2082257539
1222413719
4271057033
624567869
2102918923
4239828207
3379879903
3379879903
3379879903
3379879903
1791629752
3163047827
2818447622
378904889
3118511699
280666441
2818447622
2818447622
2818447622
1647372736
1233560649
3710873357
3710873357
3710873357
3710873357
797404293
895079433
2319131322
587531371
3811254992
3410308008
1176193455
621561538
1720168652
3379879903
3379879903
1080482019
2651325468
829836348
517341248
2441566602
4119192836
2023971237
622925060
3398961361
1564590271
2824491405
334788228
3176411324
1275133984
1275133984
1275133984
1586903126
2796429272
1018397595
3780375428
2507574377
2372277425
415458913
359762972
4163403628
3838754339
2125305210
1099911717
853626507
950361739
4294108185
1843217115
201404450
2001164911
3144426695
1275142176
2927454587
1601437706
1720193849
3537960434
3158550305
2754529096
1275142176
1617134386
2873573526
644458382
1275142176
1275133984
2365958578
903246259
203989098
1628000645
438582870
1484568163
2663106386
2887242962
725933692
1809544180
725933692
3098206643
3382829056
1604582007
1886260955
2421269703
2421269703
202365232
2690728229
2478338835
1547735231
2825373982
1406466973
3750749089
2004519682
2942628540
8557157
3750749089
2796274969
2312710212
3126973474
3794997187
520272774
2885754912
1613493039
3815360119
1422036393
3015115647
517995628
2650060930
772394339
3710761589
1612312607
3929636764
800779266
2301647660
714841406
751332954
1756324506
201695266
2976410496
2976410496
1014226669
2103766439
1307026692
1457623203
1100807245
800779266
1816236586
2519515006
418267865
3371279671
3802482549
201695274
2506646068
845210309
2113148792
2062561191
2530662683
4066933862
4289735667
411237057
1574939517
533039706
4098290155
2430202704
1892491617
811004017
740106395
2099556527
1572440411
1088801097
3115461582
3597102607
772459302
1821331553
3098890405
3761107749
2243457309
2161518720
1677395266
1331016203
2361119690
4230560413
1461028849
1461028849
2145635032
1747097635
1747605539
1823621153
1009404029
2762335043
361487348
1281802279
1009404029
516207298
3195923315
1009330301
3034503056
4137648959
2080843877
738700876
860381711
860381711
279302255
747662978
2732817081
724885834
288130138
837132674
4020155449
918535907
2637709542
3701901815
2384186110
722624125
3098206643
4232790055
2383962698
2007113877
2664459315
3098206643
1671404583
4147470459
3157258412
746334966
3615026276
3659108497
3718330857
2788684462
4228319348
4228319348
91177224
91177224
461392239
420122633
420122633
421148091
1588907694
2781104464
2207791541
895860816
2656684683
573816884
2869821041
1108550104
3684319043
1983630089
1987590878
3569187096
1396013697
2019850241
1974556423
856494856
4285496853
799710373
2771055167
794533278
646029020
1743419415
2350313505
1917748505
3862542413
3340862787
2438139569
201383970
673738562
1743419415
3772833763
2283360340
3290410599
2942016926
1050934646
2506083840
1454356183
469737815
2605956155
509278457
3925261820
1596203316
2656588408
3931656829
1997407469
2130984878
2010514781
1798086985
351114044
2603291518
9598159
445623936
788285056
1556587597
3134404791
2707036256
2393994871
2386578756
1653069989
3161545579
1641194137
2228585372
230313778
4203405415
3656734703
3656734703
1190890853
3066495846
3511816914
3107381667
234345447
2660777816
201564201
681291072
1255547957
3728782947
3274567114
726163796
726163796
201355298
74558782
964062890
3329471365
1026790984
1681647318
66152287
2123552695
2076636130
4263011506
2145616388
2815699759
2506352189
4057383196
2218872719
725933692
1630916169
2574813516
3247906700
3087566570
147504557
1865724026
4228335732
2967398374
1908563797
3094675446
794507525
1106076967
2424722115
3109229400
3057008510
875877304
2712776082
171592169
171592169
503479311
738258978
1112868400
161563517
164802343
3674596625
1394718038
1027763950
115069971
2429986090
1286793482
1485261393
1026153482
1275146272
455428840
1440242612
3830085561
261644905
3886034221
1791404099
3184867035
2056256622
3831502864
1573901621
3604169940
62341370
766298564
423916094
1148353579
929475308
4046780527
4046780527
709779789
2886070304
1214546797
3316448670
2428367760
3658395788
2759447124
2354749453
744078532
2927442431
660031633
3698658554
1778548137
3600852954
2474026132
3290832018
3035274221
3824424291
1365263642
1951281285
1951281285
2385203931
1207903370
4031405745
1156759044
2045720396
1805388522
1533921551
712495227
2399627199
2361140014
891346172
3557031461
2904705471
266077659
3745973285
207036558
1534561998
703089656
708796750
891922352
2660359864
1181337792
2863053696
319357058
3006551687
2341252823
2755743884
2701857238
3295290028
50944795
3185386181
684550932
3795561851
3259551393
1456893806
2120966717
1995409297
1995409297
3547142528
781276126
3463069452
1520340173
335219330
2094271744
7890917
3716598134
1504129401
2029518072
1460007923
3418658319
4070319566
1918273678
3760454538
2189465896
2835983953
2086319046
2036720304
623577663
3951352748
2796209601
1163006056
2430922093
4031776196
648367513
1040056516
227685404
3204666860
4036726165
4227058890
1086552438
3965910063
3538955762
1092890429
201826351
3897179700
3897179700
1868820467
1014651394
3010466726
3953798091
4163135386
1744828440
1747656144
1744828440
1744828440
1747656144
193554307
134189023
1526653618
2349113377
1526653618
1605678165
1705542838
1050431608
113480441
4081450594
3265365159
793233305
793034717
1275068448
2326293872
2376606588
2931767747
1782998512
3688915298
3675035678
3713436121
1175922644
3100096785
2348949537
3648068309
1887781288
22576740
206976013
1277150543
3975317676
2076297796
4108379974
643463059
2285550697
4096120982
2480605474
2261223751
1070874079
872371198
3177886944
2287370306
4264203175
1082250745
1275551786
952307169
755988673
913704093
2719619819
1341350797
602005764
464474248
3095651311
1901432798
3838446458
728948348
702586174
702586174
2019850241
1830514226
4055850205
2019850241
1132129513
3971792012
558083137
710909202
433322151
4146644076
433322151
432404859
565144784
433781243
1743419488
1743419488
2627542450
2019850241
2019850241
419352706
2847597982
2362429766
3925843221
105366473
2019850241
2019850241
1764583871
2846318584
3704988340
236372103
3667683960
3030473407
4253789000
3319494345
4255512769
1997748228
120345474
178495114
3359870998
3293920810
1829582959
2185432924
1829582959
2777738596
444234441
3605589082
3605589082
3992121726
1342219179
2777738596
4045692782
3293920810
1829582959
185755614
2632881881
3943305580
3207676393
4024652036
285523383
3976689454
1056256464
3456697145
1314452158
2648960458
1829582959
1829582959
2238142124
3960926216
2016164005
2016164005
2016164005
2016164005
2016164005
2016164005
2016164005
2016164005
2016164005
2016164005
2016164005
2016164005
2016164005
2016164005
2016164005
2016164005
2016164005
2016164005
2016164005
2016164005
2016164005
624137653
4264959996
178495114
1696787045
3293920810
1829582959
2185432924
1829582959
2777738596
444234441
3605589082
3605589082
3992121726
1342219179
2777738596
4045692782
3293920810
1829582959
185755614
2632881881
1056256464
3456697145
1314452158
2648960458
1829582959
1829582959
2238142124
2016164005
2016164005
2016164005
3266350648
3024927695
1078870822
3321572646
1381422880
88465786
4077296060
4246709118
1379507299
2016164005
2016164005
2016164005
2016164005
2016164005
1843055021
479503878
2016164005
2016164005
3278929696
384274600
2844460105
3022266504
2016164005
2016164005
2016164005
2016164005
2016164005
3373965623
1812111404
204301932
1812111404
204301932
2996737635
4107020701
3595632922
3308519395
2176981500
440715362
2051042232
3867105896
1265326925
2176981500
3118160722
1274914357
2016164005
2016164005
2016164005
2016164005
2016164005
2016164005
2016164005
2016164005
2016164005
2016164005
2016164005
2701156325
490667003
1717050077
2618839628
979696905
4234620363
2430192052
3654009565
3810781721
2610368153
1370758223
2921937222
2152171942
2806984430
3873845864
3625773896
2349555758
201351205
115139052
2134347222
711898366
3065864823
667266496
57247719
3456763792
2591319094
1530290488
3400114054
1393104733
3567830932
4285346017
1763895796
1159269674
1549141770
1869881480
3055773128
61119214
1121601944
2202477215
1294305140
1239024720
2087320512
203333683
3185386181
2672937334
4014524866
860637704
2925388318
3513365161
585396345
183826466
183826466
3939021615
2781232177
100273767
2485546096
1948468603
2904058287
3891670132
2019850241
100273767
438482654
1285767390
639114643
2307020744
1285767390
639114643
2307020744
2671813911
2282480088
1308094556
915121552
3675944024
889744053
2211823311
1367100072
539707096
2091758281
1123765753
868090243
3304988946
2559224705
1024523581
2024057009
1281795491
1113781930
3208235774
2349506567
615131029
4133493078
2111666526
3969504818
3746989039
2920024911
1552396888
1745377224
1612162663
356271965
2277402756
60437560
3603211674
3001243933
2433295964
2133154630
4015955469
2791021485
305791397
4171389401
4164035100
886176406
4140551218
808053872
2433438036
3490307644
3950818084
404469165
2019850241
3263002415
1026857683
1860221073
3395547190
2394245408
101853201
2351697648
2136335403
1275097120
3743525612
1890893824
2331649813
1198244563
938878735
803209781
511553674
3188140619
1696387584
713645542
1559679792
104633899
369784883
2380576928
3252771982
2557540476
1632581825
2318597499
807124884
3832488303
1302204473
948579757
2155716217
2668567459
689684122
3538882432
4165680876
1368598036
1452778276
1194126149
3984219317
1786649609
429127900
3985735539
3506389286
810824235
661777442
1526653618
201498667
568953602
3240056820
382419809
2349178913
318159531
284606123
1323418178
2316585344
204301932
1089846185
3868044055
4110724705
2779876034
3145074102
321371340
289726447
1250002838
464834197
2987723490
3005353998
2217781991
21209000
2014422026
1717212870
2142310186
2341086459
3966597595
206750176
1081208181
2878607790
1296223241
201695275
1281335434
1545647732
1975335866
3957559764
4270499928
1545647732
3386591589
1875048603
4268079524
1281335434
1281335434
1056943400
1746704485
255364270
1630503376
1139197143
2688146136
336779431
293997400
3518874280
3034221823
2257034997
971028274
3844101840
531853290
1027239655
3768187286
3272105415
2700342700
1018177954
132878327
1498639522
201383966
4003544712
680185052
3388745769
1480706209
1480706209
1480706209
1462792587
3777711237
202874917
2001992377
3856706918
4127268238
2914173550
522333391
4059376802
3474370490
2262864175
1268654673
2675076713
1894904838
4146942314
3154223643
2366222391
183826466
1265752928
3384109360
1812289989
2448336665
2127838474
304007399
1002933517
4238438730
1296889888
1313404960
1229781024
1229781024
1263335456
1263335456
1275103264
1229781024
1263335456
1263335456
2904846380
3881951382
2756159105
481476658
2856650975
2692931940
2348902433
530286736
2885754912
661977015
2190899400
2857314655
630928400
2452888033
671414437
1275133984
1275133984
1275142176
1275142176
4225080495
3081167098
511660774
1889360697
4197630234
4197633306
1755142969
1386044217
3425560309
3732871201
511642341
3414328510
1624659295
3711890179
3832170095
3832170095
2080705094
1026074779
2906153921
3372234878
2284930034
2199974454
3154182176
2492932522
3055718134
1257306144
1313652766
2698432078
2559140115
533528094
4133663952
2418335781
3969790990
66267758
1683417859
4007618796
585410679
2588724006
1001096227
3986041151
905315970
2906866890
713132403
1374192459
2115281078
4092136371
154960213
2070297835
2746826863
2080589938
726066320
1085329303
2080507606
2080614102
1865419913
481496376
3696790374
3012018767
625951047
293003824
3207838475
2348949537
2241752533
3813232542
3912876568
2426336086
1985368198
2330756307
2968876470
689935544
2774414344
4037452276
393563598
1852254139
1954987352
1425708580
470103293
3581988336
360905301
2069192860
725933692
725933692
2885738528
3473496233
5533362
3473496233
5533362
2082091141
3842483262
4172221452
1437265656
2885738528
1851594785
3154165792
1775094691
226679089
739113585
480729979
2629980358
4044310387
260226417
201383970
3154182176
2103720483
4191609207
4191609207
547437961
826285209
1391650867
1550147872
3910590995
428997345
3729335801
295030574
148785003
2519320246
313193621
816615290
3840215430
3885563967
1275133984
939314758
1238169632
2654142691
783464918
1895308627
2457106793
1275097120
409748346
2019850241
1953355375
2019850241
1794799069
1014921410
1824460922
2576114656
3389025653
833520862
1974400371
235660824
3536094415
2216699720
502202797
290791306
290795402
2203878328
200432588
2628617300
3009053811
1453934175
2533800184
208202466
208202346
171239651
981134423
198318148
466404248
169681150
1756119156
351882235
415015729
466404248
1328952602
2216857483
3259553232
1638697576
1867663394
1270678069
319134920
203042831
1791579007
2139628706
2139628706
1104761863
1492244527
885782082
585027978
3882087583
2279925021
1176492195
3422691361
3773441107
2931147569
2183597426
2059400293
2869862001
577036414
4110636014
2252678821
96090188
1894035462
1275097120
2110418528
2547636757
1804869747
2536819179
1743419411
3098806721
2265891549
2138936928
716545298
2080107298
1165846522
2899348141
3595384106
2746541080
728088336
4289807524
3481440114
3600934429
2428811179
1149590318
3417484867
3909918901
3174153725
148006637
2608508984
2522221371
1275099168
3952699616
783802300
259761151
221991669
3730724700
1461827971
3640263844
1001576987
3325382329
1224322074
1477850803
3133509422
3741013886
595025672
1156555199
3818474812
63441801
3133319859
1674985909
3274520472
1275133984
4286864745
2509439669
3154182176
4246958071
3566793805
1486628005
4057837096
3032863404
3409232622
3304998361
1040905543
376282357
2289161043
2404583084
815197476
3749855549
1224322074
2514569872
1275322402
2885738528
3422814249
2885738528
4269532197
1275152418
1698474138
3691302946
1743845420
2390975840
1275152418
201621542
1275152418
201621542
1275152418
4214674057
540397622
2802006740
1224322074
25527226
4277084738
2682065294
1275097120
2224581720
1334024166
2819974345
3250661852
497748676
3422636066
3422636066
1275207713
4178980380
2215737798
551565066
2896599536
2688423913
1860532634
4027627527
1152823811
3345641220
1523584544
423060634
738770990
128397539
78453507
239418802
2744597237
870753080
4019371512
851886970
2708125831
3029964893
3743409176
1864051750
2423240957
2311040224
1277264762
3434768963
3869675196
4182993098
1594374646
2019850241
3975895836
2386683687
1594349091
2292075356
142416155
1065549506
3303089457
1590429628
142416155
3693243181
614231875
1760374815
2149699409
4091337826
1209282098
142416155
4142857348
160334908
3265773533
1097178171
142460708
2526842756
2377230955
3291408376
1837220992
849029035
2857616792
3242646157
201400354
3996316822
3111854221
2019850241
408366145
3020464847
1295868086
1280663743
1632495205
4135079797
4135079797
1275133984
1245797948
2738315472
4035749954
4238746477
4283791327
3434550051
4084766089
4258647451
844930803
3830570398
2188664812
3492724870
1393909331
3154178080
233840719
828602383
2382586477
1391226074
3897508661
2354470934
201572393
2349162532
4228468203
3506856606
4228468203
201572393
4228468203
4277830323
1200007485
2509047970
4114748891
678543397
1026493226
1252131641
3197022561
173327923
2266197067
2354470934
2391408122
2391408122
868885368
2722117713
479583410
2520668753
1783322058
2663869922
2385478293
4228451817
3885459731
2076710388
2342496492
203235354
3989586013
1698833016
201793571
3323506963
1819368816
1029549396
1912709424
16803236
16803236
2094315008
714985206
183429797
3804323802
537622266
3420733743
3430090243
1275133984
3626897933
1576883635
2026685005
1745534425
2432099782
2713075462
2676129494
183818282
183818282
1524870078
1370194425
1085533773
4033424310
3664154529
2639731214
3432381618
2629026516
2799671297
28184901
2354470934
3937971574
3391812421
3938658440
2422085825
2422085825
2266984605
2241294489
654576398
1024260382
1024260382
3943815390
2653670197
2632083435
2021550054
3763663730
3375758274
2877366194
1146680152
3580462390
1106117511
1341460008
1341460008
259693644
1341460008
1041592367
1341460008
1252131641
3034032425
2118299393
90981556
3378678693
2192910052
3525714912
620621324
869457305
755818318
1858143907
1441352430
2326293872
2348625264
2376606588
2355781876
951873064
106486993
106486993
2161667829
1236011192
2420224320
721772157
4232917734
4107768425
2355945607
3481051861
4162161598
2686012836
1949616093
126475633
1968461324
2048025433
2226726999
1361133910
2192738733
3755761287
1193628615
1841362097
3916137110
3404399925
786601627
1126801594
3390840925
835467084
1184008917
1982140709
3034443391
673172615
4149621610
1035796461
1602833553
2019850241
3964399778
2782596092
3725411180
2176296865
2540101245
496737805
2139385198
476633268
3438899100
1979648641
1828187882
4097665613
2647294951
969683965
1396013697
2803611015
2498457470
388134437
293008060
4216267771
3121997841
511020620
2910298530
4213294951
1525927148
497546927
4014664948
3423871555
1932737215
767533217
738308131
1812041763
978914676
1135606459
2062964421
2352870996
4227116665
1408609913
118692591
3096212434
1230854175
752720404
730963400
2985156327
2107742369
2639193148
2397712261
4232269863
4232269863
154010711
1035945736
2650531142
2220512110
936449876
1031116319
2637251543
3375207609
2102671643
2184511954
1906377653
1029125947
546494889
1473767065
2426982739
2654537439
2457326278
3701117863
3215518907
1275142176
2533985505
2874415334
1720881967
3671093461
1836216746
1336352036
2369408257
4234330198
2313182347
132070585
3405527084
1245190289
3665404680
2027961794
3117858325
2868872500
4243699319
1210185760
1596245977
2019850241
1755135506
722316187
2726170424
3604748762
2351710174
3415012055
2019850241
2019850241
167553751
2559967394
2092068394
2281060499
2556540931
3393954121
103411132
2599101479
3410042494
2179618456
4054320238
2350112801
3407322751
840305212
3406732920
2280634385
1455320091
2281191571
1275142176
3871460950
1977854014
2056564882
2079892302
3805687867
3406232793
1642867153
3967604955
1666908728
1259313522
3736325086
3301573492
1337959133
3410042494
1697542780
2906496502
1072492434
3399813150
281536221
730177683
3167938720
3318239684
2886656019
1275097120
3422662689
1304238168
1940509058
2588827192
562266578
410335885
3123742254
1275097120
1275097120
12750