Gekko Instruction set, sorted by opcode:

 -----------------------------------------------------------------------------------------------
|00|01|02|03|04|05|06|07|08|09|10|11|12|13|14|15|16|17|18|19|20|21|22|23|24|25|26|27|28|29|30|31|
|-----------------------------------------------------------------------------------------------|
| 0  0  0  0  1  1|      TO      |      A       |                      SIMM                     | twi
|-----------------------------------------------------------------------------------------------|
| 0  0  0  1  0  0|  crfD  | 0  0|      A       |      B       | 0  0  0  0  0  0  0  0  0  0| 0| ps_cmpu0
|-----------------------------------------------------------------------------------------------|
| 0  0  0  1  0  0|      D       |      A       |      B       | w|   i    | 0  0  0  1  1  0| 0| psq_lx
|-----------------------------------------------------------------------------------------------|
| 0  0  0  1  0  0|      S       |      A       |      B       | w|   i    | 0  0  0  1  1  1| 0| psq_stx
|-----------------------------------------------------------------------------------------------|
| 0  0  0  1  0  0|      D       |      A       |      B       |      C       | 0  1  0  1  0| 0| ps_sum0
|-----------------------------------------------------------------------------------------------|
| 0  0  0  1  0  0|      D       |      A       |      B       |      C       | 0  1  0  1  0| 1| ps_sum0.
|-----------------------------------------------------------------------------------------------|
| 0  0  0  1  0  0|      D       |      A       |      B       |      C       | 0  1  0  1  1| 0| ps_sum1
|-----------------------------------------------------------------------------------------------|
| 0  0  0  1  0  0|      D       |      A       |      B       |      C       | 0  1  0  1  1| 1| ps_sum1.
|-----------------------------------------------------------------------------------------------|
| 0  0  0  1  0  0|      D       |      A       | 0  0  0  0  0|      C       | 0  1  1  0  0| 0| ps_muls0
|-----------------------------------------------------------------------------------------------|
| 0  0  0  1  0  0|      D       |      A       | 0  0  0  0  0|      C       | 0  1  1  0  0| 1| ps_muls0.
|-----------------------------------------------------------------------------------------------|
| 0  0  0  1  0  0|      D       |      A       | 0  0  0  0  0|      C       | 0  1  1  0  1| 0| ps_muls1
|-----------------------------------------------------------------------------------------------|
| 0  0  0  1  0  0|      D       |      A       | 0  0  0  0  0|      C       | 0  1  1  0  1| 1| ps_muls1.
|-----------------------------------------------------------------------------------------------|
| 0  0  0  1  0  0|      D       |      A       |      B       |      C       | 0  1  1  1  0| 0| ps_madds0
|-----------------------------------------------------------------------------------------------|
| 0  0  0  1  0  0|      D       |      A       |      B       |      C       | 0  1  1  1  0| 1| ps_madds0.
|-----------------------------------------------------------------------------------------------|
| 0  0  0  1  0  0|      D       |      A       |      B       |      C       | 0  1  1  1  1| 0| ps_madds1
|-----------------------------------------------------------------------------------------------|
| 0  0  0  1  0  0|      D       |      A       |      B       |      C       | 0  1  1  1  1| 1| ps_madds1.
|-----------------------------------------------------------------------------------------------|
| 0  0  0  1  0  0|      D       |      A       |      B       | 0  0  0  0  0| 1  0  0  1  0| 0| ps_div
|-----------------------------------------------------------------------------------------------|
| 0  0  0  1  0  0|      D       |      A       |      B       | 0  0  0  0  0| 1  0  0  1  0| 1| ps_div.
|-----------------------------------------------------------------------------------------------|
| 0  0  0  1  0  0|      D       |      A       |      B       | 0  0  0  0  0| 1  0  1  0  0| 0| ps_sub
|-----------------------------------------------------------------------------------------------|
| 0  0  0  1  0  0|      D       |      A       |      B       | 0  0  0  0  0| 1  0  1  0  0| 1| ps_sub.
|-----------------------------------------------------------------------------------------------|
| 0  0  0  1  0  0|      D       |      A       |      B       | 0  0  0  0  0| 1  0  1  0  1| 0| ps_add
|-----------------------------------------------------------------------------------------------|
| 0  0  0  1  0  0|      D       |      A       |      B       | 0  0  0  0  0| 1  0  1  0  1| 1| ps_add.
|-----------------------------------------------------------------------------------------------|
| 0  0  0  1  0  0|      D       |      A       |      B       |      C       | 1  0  1  1  1| 0| ps_sel
|-----------------------------------------------------------------------------------------------|
| 0  0  0  1  0  0|      D       |      A       |      B       |      C       | 1  0  1  1  1| 1| ps_sel.
|-----------------------------------------------------------------------------------------------|
| 0  0  0  1  0  0|      D       | 0  0  0  0  0|      B       | 0  0  0  0  0| 1  1  0  0  0| 0| ps_res
|-----------------------------------------------------------------------------------------------|
| 0  0  0  1  0  0|      D       | 0  0  0  0  0|      B       | 0  0  0  0  0| 1  1  0  0  0| 1| ps_res.
|-----------------------------------------------------------------------------------------------|
| 0  0  0  1  0  0|      D       |      A       | 0  0  0  0  0|      C       | 1  1  0  0  1| 0| ps_mul
|-----------------------------------------------------------------------------------------------|
| 0  0  0  1  0  0|      D       |      A       | 0  0  0  0  0|      C       | 1  1  0  0  1| 1| ps_mul.
|-----------------------------------------------------------------------------------------------|
| 0  0  0  1  0  0|      D       | 0  0  0  0  0|      B       | 0  0  0  0  0| 1  1  0  1  0| 0| ps_rsqrte
|-----------------------------------------------------------------------------------------------|
| 0  0  0  1  0  0|      D       | 0  0  0  0  0|      B       | 0  0  0  0  0| 1  1  0  1  0| 1| ps_rsqrte.
|-----------------------------------------------------------------------------------------------|
| 0  0  0  1  0  0|      D       |      A       |      B       |      C       | 1  1  1  0  0| 0| ps_msub
|-----------------------------------------------------------------------------------------------|
| 0  0  0  1  0  0|      D       |      A       |      B       |      C       | 1  1  1  0  0| 1| ps_msub.
|-----------------------------------------------------------------------------------------------|
| 0  0  0  1  0  0|      D       |      A       |      B       |      C       | 1  1  1  0  1| 0| ps_madd
|-----------------------------------------------------------------------------------------------|
| 0  0  0  1  0  0|      D       |      A       |      B       |      C       | 1  1  1  0  1| 1| ps_madd.
|-----------------------------------------------------------------------------------------------|
| 0  0  0  1  0  0|      D       |      A       |      B       |      C       | 1  1  1  1  0| 0| ps_nmsub
|-----------------------------------------------------------------------------------------------|
| 0  0  0  1  0  0|      D       |      A       |      B       |      C       | 1  1  1  1  0| 1| ps_nmsub.
|-----------------------------------------------------------------------------------------------|
| 0  0  0  1  0  0|      D       |      A       |      B       |      C       | 1  1  1  1  1| 0| ps_nmadd
|-----------------------------------------------------------------------------------------------|
| 0  0  0  1  0  0|      D       |      A       |      B       |      C       | 1  1  1  1  1| 1| ps_nmadd.
|-----------------------------------------------------------------------------------------------|
| 0  0  0  1  0  0|  crfD  | 0  0|      A       |      B       | 0  0  0  0  1  0  0  0  0  0| 0| ps_cmpo0
|-----------------------------------------------------------------------------------------------|
| 0  0  0  1  0  0|      D       |      A       |      B       | w|   i    | 1  0  0  1  1  0| 0| psq_lux
|-----------------------------------------------------------------------------------------------|
| 0  0  0  1  0  0|      S       |      A       |      B       | w|   i    | 1  0  0  1  1  1| 0| psq_stux
|-----------------------------------------------------------------------------------------------|
| 0  0  0  1  0  0|      D       | 0  0  0  0  0|      B       | 0  0  0  0  1  0  1  0  0  0| 0| ps_neg
|-----------------------------------------------------------------------------------------------|
| 0  0  0  1  0  0|      D       | 0  0  0  0  0|      B       | 0  0  0  0  1  0  1  0  0  0| 1| ps_neg.
|-----------------------------------------------------------------------------------------------|
| 0  0  0  1  0  0|  crfD  | 0  0|      A       |      B       | 0  0  0  1  0  0  0  0  0  0| 0| ps_cmpu1
|-----------------------------------------------------------------------------------------------|
| 0  0  0  1  0  0|      D       | 0  0  0  0  0|      B       | 0  0  0  1  0  0  1  0  0  0| 0| ps_mr
|-----------------------------------------------------------------------------------------------|
| 0  0  0  1  0  0|      D       | 0  0  0  0  0|      B       | 0  0  0  1  0  0  1  0  0  0| 1| ps_mr.
|-----------------------------------------------------------------------------------------------|
| 0  0  0  1  0  0|  crfD  | 0  0|      A       |      B       | 0  0  0  1  1  0  0  0  0  0| 0| ps_cmpo1
|-----------------------------------------------------------------------------------------------|
| 0  0  0  1  0  0|      D       | 0  0  0  0  0|      B       | 0  0  1  0  0  0  1  0  0  0| 0| ps_nabs
|-----------------------------------------------------------------------------------------------|
| 0  0  0  1  0  0|      D       | 0  0  0  0  0|      B       | 0  0  1  0  0  0  1  0  0  0| 1| ps_nabs.
|-----------------------------------------------------------------------------------------------|
| 0  0  0  1  0  0|      D       | 0  0  0  0  0|      B       | 0  1  0  0  0  0  1  0  0  0| 0| ps_abs
|-----------------------------------------------------------------------------------------------|
| 0  0  0  1  0  0|      D       | 0  0  0  0  0|      B       | 0  1  0  0  0  0  1  0  0  0| 1| ps_abs.
|-----------------------------------------------------------------------------------------------|
| 0  0  0  1  0  0|      D       |      A       |      B       | 1  0  0  0  0  1  0  0  0  0| 0| ps_merge00
|-----------------------------------------------------------------------------------------------|
| 0  0  0  1  0  0|      D       |      A       |      B       | 1  0  0  0  0  1  0  0  0  0| 1| ps_merge00.
|-----------------------------------------------------------------------------------------------|
| 0  0  0  1  0  0|      D       |      A       |      B       | 1  0  0  0  1  1  0  0  0  0| 0| ps_merge01
|-----------------------------------------------------------------------------------------------|
| 0  0  0  1  0  0|      D       |      A       |      B       | 1  0  0  0  1  1  0  0  0  0| 1| ps_merge01.
|-----------------------------------------------------------------------------------------------|
| 0  0  0  1  0  0|      D       |      A       |      B       | 1  0  0  1  0  1  0  0  0  0| 0| ps_merge10
|-----------------------------------------------------------------------------------------------|
| 0  0  0  1  0  0|      D       |      A       |      B       | 1  0  0  1  0  1  0  0  0  0| 1| ps_merge10.
|-----------------------------------------------------------------------------------------------|
| 0  0  0  1  0  0|      D       |      A       |      B       | 1  0  0  1  1  1  0  0  0  0| 0| ps_merge11
|-----------------------------------------------------------------------------------------------|
| 0  0  0  1  0  0|      D       |      A       |      B       | 1  0  0  1  1  1  0  0  0  0| 1| ps_merge11.
|-----------------------------------------------------------------------------------------------|
| 0  0  0  1  0  0| 0  0  0  0  0|      A       |      B       | 1  1  1  1  1  1  0  1  1  0| 0| dcbz_l
|-----------------------------------------------------------------------------------------------|
| 0  0  0  1  1  1|      D       |      A       |                      SIMM                     | milli
|-----------------------------------------------------------------------------------------------|
| 0  0  1  0  0  0|      D       |      A       |                      SIMM                     | subfic
|-----------------------------------------------------------------------------------------------|
| 0  0  1  0  1  0|  crfD  | 0| L|      A       |                      UIMM                     | cmpli
|-----------------------------------------------------------------------------------------------|
| 0  0  1  0  1  1|  crfD  | 0| L|      A       |                      SIMM                     | cmpi
|-----------------------------------------------------------------------------------------------|
| 0  0  1  1  0  0|      D       |      A       |                      SIMM                     | addic
|-----------------------------------------------------------------------------------------------|
| 0  0  1  1  0  1|      D       |      A       |                      SIMM                     | addic.
|-----------------------------------------------------------------------------------------------|
| 0  0  1  1  1  0|      D       |      A       |                      SIMM                     | addi
|-----------------------------------------------------------------------------------------------|
| 0  0  1  1  1  1|      D       |      A       |                      SIMM                     | addis
|-----------------------------------------------------------------------------------------------|
| 0  1  0  0  0  0|      BO      |      BI      |                    BD                   | 0| 0| bc
|-----------------------------------------------------------------------------------------------|
| 0  1  0  0  0  0|      BO      |      BI      |                    BD                   | 0| 1| bcl
|-----------------------------------------------------------------------------------------------|
| 0  1  0  0  0  0|      BO      |      BI      |                    BD                   | 1| 0| bca
|-----------------------------------------------------------------------------------------------|
| 0  1  0  0  0  0|      BO      |      BI      |                    BD                   | 1| 1| bcla
|-----------------------------------------------------------------------------------------------|
| 0  1  0  0  0  1| 0  0  0  0  0| 0  0  0  0  0| 0  0  0  0  0  0  0  0  0  0  0  0  0  0| 1| 0| sc
|-----------------------------------------------------------------------------------------------|
| 0  1  0  0  1  0|                                  LI                                   | 0| 0| b
|-----------------------------------------------------------------------------------------------|
| 0  1  0  0  1  0|                                  LI                                   | 0| 1| bl
|-----------------------------------------------------------------------------------------------|
| 0  1  0  0  1  0|                                  LI                                   | 1| 0| ba
|-----------------------------------------------------------------------------------------------|
| 0  1  0  0  1  0|                                  LI                                   | 1| 1| bla
|-----------------------------------------------------------------------------------------------|
| 0  1  0  0  1  1|  crfD  | 0  0|  crfS  | 0  0| 0  0  0  0  0| 0  0  0  0  0  0  0  0  0  0| 0| mcrf
|-----------------------------------------------------------------------------------------------|
| 0  1  0  0  1  1|      BO      |      BI      | 0  0  0  0  0| 0  0  0  0  0  1  0  0  0  0| 0| bclr
|-----------------------------------------------------------------------------------------------|
| 0  1  0  0  1  1|      BO      |      BI      | 0  0  0  0  0| 0  0  0  0  0  1  0  0  0  0| 1| bclrl
|-----------------------------------------------------------------------------------------------|
| 0  1  0  0  1  1|     crbD     |     crbA     |     crbB     | 0  0  0  0  1  0  0  0  0  1| 0| crnor
|-----------------------------------------------------------------------------------------------|
| 0  1  0  0  1  1| 0  0  0  0  0| 0  0  0  0  0| 0  0  0  0  0| 0  0  0  0  1  1  0  0  1  0| 0| rfi
|-----------------------------------------------------------------------------------------------|
| 0  1  0  0  1  1|     crbD     |     crbA     |     crbB     | 0  0  1  0  0  0  0  0  0  1| 0| crandc
|-----------------------------------------------------------------------------------------------|
| 0  1  0  0  1  1| 0  0  0  0  0| 0  0  0  0  0| 0  0  0  0  0| 0  0  1  0  0  1  0  1  1  0| 0| isync
|-----------------------------------------------------------------------------------------------|
| 0  1  0  0  1  1|     crbD     |     crbA     |     crbB     | 0  0  1  1  0  0  0  0  0  1| 0| crxor
|-----------------------------------------------------------------------------------------------|
| 0  1  0  0  1  1|     crbD     |     crbA     |     crbB     | 0  0  1  1  1  0  0  0  0  1| 0| crnand
|-----------------------------------------------------------------------------------------------|
| 0  1  0  0  1  1|     crbD     |     crbA     |     crbB     | 0  1  0  0  0  0  0  0  0  1| 0| crand
|-----------------------------------------------------------------------------------------------|
| 0  1  0  0  1  1|     crbD     |     crbA     |     crbB     | 0  1  0  0  1  0  0  0  0  1| 0| creqv
|-----------------------------------------------------------------------------------------------|
| 0  1  0  0  1  1|     crbD     |     crbA     |     crbB     | 0  1  1  0  1  0  0  0  0  1| 0| crorc
|-----------------------------------------------------------------------------------------------|
| 0  1  0  0  1  1|     crbD     |     crbA     |     crbB     | 0  1  1  1  0  0  0  0  0  1| 0| cror
|-----------------------------------------------------------------------------------------------|
| 0  1  0  0  1  1|      BO      |      BI      | 0  0  0  0  0| 1  0  0  0  0  1  0  0  0  0| 0| bcctr
|-----------------------------------------------------------------------------------------------|
| 0  1  0  0  1  1|      BO      |      BI      | 0  0  0  0  0| 1  0  0  0  0  1  0  0  0  0| 1| bcctrl
|-----------------------------------------------------------------------------------------------|
| 0  1  0  1  0  0|      S       |      A       |      SH      |      MB      |      ME      | 0| rlwimi
|-----------------------------------------------------------------------------------------------|
| 0  1  0  1  0  0|      S       |      A       |      SH      |      MB      |      ME      | 1| rlwimi.
|-----------------------------------------------------------------------------------------------|
| 0  1  0  1  0  1|      S       |      A       |      SH      |      MB      |      ME      | 0| rlwinm
|-----------------------------------------------------------------------------------------------|
| 0  1  0  1  0  1|      S       |      A       |      SH      |      MB      |      ME      | 1| rlwinm.
|-----------------------------------------------------------------------------------------------|
| 0  1  0  1  1  1|      S       |      A       |      B       |      MB      |      ME      | 0| rlwnm
|-----------------------------------------------------------------------------------------------|
| 0  1  0  1  1  1|      S       |      A       |      B       |      MB      |      ME      | 1| rlwnm.
|-----------------------------------------------------------------------------------------------|
| 0  1  1  0  0  0|      S       |      A       |                      UIMM                     | ori
|-----------------------------------------------------------------------------------------------|
| 0  1  1  0  0  1|      S       |      A       |                      UIMM                     | oris
|-----------------------------------------------------------------------------------------------|
| 0  1  1  0  1  0|      S       |      A       |                      UIMM                     | xori
|-----------------------------------------------------------------------------------------------|
| 0  1  1  0  1  1|      S       |      A       |                      UIMM                     | xoris
|-----------------------------------------------------------------------------------------------|
| 0  1  1  1  0  0|      S       |      A       |                      UIMM                     | andi.
|-----------------------------------------------------------------------------------------------|
| 0  1  1  1  0  1|      S       |      A       |                      UIMM                     | andis.
|-----------------------------------------------------------------------------------------------|
| 0  1  1  1  1  1|  crfD  | 0| L|      A       |      B       | 0  0  0  0  0  0  0  0  0  0| 0| cmp
|-----------------------------------------------------------------------------------------------|
| 0  1  1  1  1  1|      TO      |      A       |      B       | 0  0  0  0  0  0  0  1  0  0| 0| tw
|-----------------------------------------------------------------------------------------------|
| 0  1  1  1  1  1|      D       |      A       |      B       | 0| 0  0  0  0  0  1  0  0  0| 0| subfc
|-----------------------------------------------------------------------------------------------|
| 0  1  1  1  1  1|      D       |      A       |      B       | 0| 0  0  0  0  0  1  0  0  0| 1| subfc.
|-----------------------------------------------------------------------------------------------|
| 0  1  1  1  1  1|      D       |      A       |      B       | 1| 0  0  0  0  0  1  0  0  0| 0| subfco
|-----------------------------------------------------------------------------------------------|
| 0  1  1  1  1  1|      D       |      A       |      B       | 1| 0  0  0  0  0  1  0  0  0| 1| subfco.
|-----------------------------------------------------------------------------------------------|
| 0  1  1  1  1  1|      D       |      A       |      B       | 0| 0  0  0  0  0  1  0  1  0| 0| addc
|-----------------------------------------------------------------------------------------------|
| 0  1  1  1  1  1|      D       |      A       |      B       | 0| 0  0  0  0  0  1  0  1  0| 1| addc.
|-----------------------------------------------------------------------------------------------|
| 0  1  1  1  1  1|      D       |      A       |      B       | 1| 0  0  0  0  0  1  0  1  0| 0| addco
|-----------------------------------------------------------------------------------------------|
| 0  1  1  1  1  1|      D       |      A       |      B       | 1| 0  0  0  0  0  1  0  1  0| 1| addco.
|-----------------------------------------------------------------------------------------------|
| 0  1  1  1  1  1|      D       |      A       |      B       | 0| 0  0  0  0  0  1  0  1  1| 0| mulhwu
|-----------------------------------------------------------------------------------------------|
| 0  1  1  1  1  1|      D       |      A       |      B       | 0| 0  0  0  0  0  1  0  1  1| 1| mulhwu.
|-----------------------------------------------------------------------------------------------|
| 0  1  1  1  1  1|      D       | 0  0  0  0  0| 0  0  0  0  0| 0  0  0  0  0  1  0  0  1  1| 0| mfcr
|-----------------------------------------------------------------------------------------------|
| 0  1  1  1  1  1|      D       |      A       |      B       | 0  0  0  0  0  1  0  1  0  0| 0| lwarx
|-----------------------------------------------------------------------------------------------|
| 0  1  1  1  1  1|      D       |      A       |      B       | 0  0  0  0  0  1  0  1  1  1| 0| lwzx
|-----------------------------------------------------------------------------------------------|
| 0  1  1  1  1  1|      S       |      A       |      B       | 0  0  0  0  0  1  1  0  0  0| 0| slw
|-----------------------------------------------------------------------------------------------|
| 0  1  1  1  1  1|      S       |      A       |      B       | 0  0  0  0  0  1  1  0  0  0| 1| slw.
|-----------------------------------------------------------------------------------------------|
| 0  1  1  1  1  1|      S       |      A       | 0  0  0  0  0| 0  0  0  0  0  1  1  0  1  0| 0| cntlzw
|-----------------------------------------------------------------------------------------------|
| 0  1  1  1  1  1|      S       |      A       | 0  0  0  0  0| 0  0  0  0  0  1  1  0  1  0| 1| cntlzw.
|-----------------------------------------------------------------------------------------------|
| 0  1  1  1  1  1|      S       |      A       |      B       | 0  0  0  0  0  1  1  1  0  0| 0| and
|-----------------------------------------------------------------------------------------------|
| 0  1  1  1  1  1|      S       |      A       |      B       | 0  0  0  0  0  1  1  1  0  0| 1| and.
|-----------------------------------------------------------------------------------------------|
| 0  1  1  1  1  1|  crfD  | 0| L|      A       |      B       | 0  0  0  0  1  0  0  0  0  0| 0| cmpl
|-----------------------------------------------------------------------------------------------|
| 0  1  1  1  1  1|      D       |      A       |      B       | 0| 0  0  0  1  0  1  0  0  0| 0| subf
|-----------------------------------------------------------------------------------------------|
| 0  1  1  1  1  1|      D       |      A       |      B       | 0| 0  0  0  1  0  1  0  0  0| 1| subf.
|-----------------------------------------------------------------------------------------------|
| 0  1  1  1  1  1|      D       |      A       |      B       | 1| 0  0  0  1  0  1  0  0  0| 0| subfo
|-----------------------------------------------------------------------------------------------|
| 0  1  1  1  1  1|      D       |      A       |      B       | 1| 0  0  0  1  0  1  0  0  0| 1| subfo.
|-----------------------------------------------------------------------------------------------|
| 0  1  1  1  1  1| 0  0  0  0  0|      A       |      B       | 0  0  0  0  1  1  0  1  1  0| 0| dcbst
|-----------------------------------------------------------------------------------------------|
| 0  1  1  1  1  1|      D       |      A       |      B       | 0  0  0  0  1  1  0  1  1  1| 0| lwzux
|-----------------------------------------------------------------------------------------------|
| 0  1  1  1  1  1|      S       |      A       |      B       | 0  0  0  0  1  1  1  1  0  0| 0| andc
|-----------------------------------------------------------------------------------------------|
| 0  1  1  1  1  1|      S       |      A       |      B       | 0  0  0  0  1  1  1  1  0  0| 1| andc.
|-----------------------------------------------------------------------------------------------|
| 0  1  1  1  1  1|      D       |      A       |      B       | 0| 0  0  1  0  0  1  0  1  1| 0| mulhw
|-----------------------------------------------------------------------------------------------|
| 0  1  1  1  1  1|      D       |      A       |      B       | 0| 0  0  1  0  0  1  0  1  1| 1| mulhw.
|-----------------------------------------------------------------------------------------------|
| 0  1  1  1  1  1|      D       | 0  0  0  0  0| 0  0  0  0  0| 0  0  0  1  0  1  0  0  1  1| 0| mfmsr
|-----------------------------------------------------------------------------------------------|
| 0  1  1  1  1  1| 0  0  0  0  0|      A       |      B       | 0  0  0  1  0  1  0  1  1  0| 0| dcbf
|-----------------------------------------------------------------------------------------------|
| 0  1  1  1  1  1|      D       |      A       |      B       | 0  0  0  1  0  1  0  1  1  1| 0| lbzx
|-----------------------------------------------------------------------------------------------|
| 0  1  1  1  1  1|      D       |      A       | 0  0  0  0  0| 0| 0  0  1  1  0  1  0  0  0| 0| neg
|-----------------------------------------------------------------------------------------------|
| 0  1  1  1  1  1|      D       |      A       | 0  0  0  0  0| 0| 0  0  1  1  0  1  0  0  0| 1| neg.
|-----------------------------------------------------------------------------------------------|
| 0  1  1  1  1  1|      D       |      A       | 0  0  0  0  0| 1| 0  0  1  1  0  1  0  0  0| 0| nego
|-----------------------------------------------------------------------------------------------|
| 0  1  1  1  1  1|      D       |      A       | 0  0  0  0  0| 1| 0  0  1  1  0  1  0  0  0| 1| nego.
|-----------------------------------------------------------------------------------------------|
| 0  1  1  1  1  1|      D       |      A       |      B       | 0  0  0  1  1  1  0  1  1  1| 0| lbzux
|-----------------------------------------------------------------------------------------------|
| 0  1  1  1  1  1|      S       |      A       |      B       | 0  0  0  1  1  1  1  1  0  0| 0| nor
|-----------------------------------------------------------------------------------------------|
| 0  1  1  1  1  1|      S       |      A       |      B       | 0  0  0  1  1  1  1  1  0  0| 1| nor.
|-----------------------------------------------------------------------------------------------|
| 0  1  1  1  1  1|      D       |      A       |      B       | 0| 0  1  0  0  0  1  0  0  0| 0| subfe
|-----------------------------------------------------------------------------------------------|
| 0  1  1  1  1  1|      D       |      A       |      B       | 0| 0  1  0  0  0  1  0  0  0| 1| subfe.
|-----------------------------------------------------------------------------------------------|
| 0  1  1  1  1  1|      D       |      A       |      B       | 1| 0  1  0  0  0  1  0  0  0| 0| subfeo
|-----------------------------------------------------------------------------------------------|
| 0  1  1  1  1  1|      D       |      A       |      B       | 1| 0  1  0  0  0  1  0  0  0| 1| subfeo.
|-----------------------------------------------------------------------------------------------|
| 0  1  1  1  1  1|      D       |      A       |      B       | 0| 0  1  0  0  0  1  0  1  0| 0| adde
|-----------------------------------------------------------------------------------------------|
| 0  1  1  1  1  1|      D       |      A       |      B       | 0| 0  1  0  0  0  1  0  1  0| 1| adde.
|-----------------------------------------------------------------------------------------------|
| 0  1  1  1  1  1|      D       |      A       |      B       | 1| 0  1  0  0  0  1  0  1  0| 0| addeo
|-----------------------------------------------------------------------------------------------|
| 0  1  1  1  1  1|      D       |      A       |      B       | 1| 0  1  0  0  0  1  0  1  0| 1| addeo.
|-----------------------------------------------------------------------------------------------|
| 0  1  1  1  1  1|      S       | 0|         CRM           | 0| 0  0  1  0  0  1  0  0  0  0| 0| mtcrf
|-----------------------------------------------------------------------------------------------|
| 0  1  1  1  1  1|      S       | 0  0  0  0  0| 0  0  0  0  0| 0  0  1  0  0  1  0  0  1  0| 0| mtmsr
|-----------------------------------------------------------------------------------------------|
| 0  1  1  1  1  1|      S       |      A       |      B       | 0  0  1  0  0  1  0  1  1  0| 1| stwcx.
|-----------------------------------------------------------------------------------------------|
| 0  1  1  1  1  1|      S       |      A       |      B       | 0  0  1  0  0  1  0  1  1  1| 0| stwx
|-----------------------------------------------------------------------------------------------|
| 0  1  1  1  1  1|      S       |      A       |      B       | 0  0  1  0  1  1  0  1  1  1| 0| stwux
|-----------------------------------------------------------------------------------------------|
| 0  1  1  1  1  1|      D       |      A       | 0  0  0  0  0| 0| 0  1  1  0  0  1  0  0  0| 0| subfze
|-----------------------------------------------------------------------------------------------|
| 0  1  1  1  1  1|      D       |      A       | 0  0  0  0  0| 0| 0  1  1  0  0  1  0  0  0| 1| subfze.
|-----------------------------------------------------------------------------------------------|
| 0  1  1  1  1  1|      D       |      A       | 0  0  0  0  0| 1| 0  1  1  0  0  1  0  0  0| 0| subfzeo
|-----------------------------------------------------------------------------------------------|
| 0  1  1  1  1  1|      D       |      A       | 0  0  0  0  0| 1| 0  1  1  0  0  1  0  0  0| 1| subfzeo.
|-----------------------------------------------------------------------------------------------|
| 0  1  1  1  1  1|      D       |      A       | 0  0  0  0  0| 0| 0  1  1  0  0  1  0  1  0| 0| addze
|-----------------------------------------------------------------------------------------------|
| 0  1  1  1  1  1|      D       |      A       | 0  0  0  0  0| 0| 0  1  1  0  0  1  0  1  0| 1| addze.
|-----------------------------------------------------------------------------------------------|
| 0  1  1  1  1  1|      D       |      A       | 0  0  0  0  0| 1| 0  1  1  0  0  1  0  1  0| 0| addzeo
|-----------------------------------------------------------------------------------------------|
| 0  1  1  1  1  1|      D       |      A       | 0  0  0  0  0| 1| 0  1  1  0  0  1  0  1  0| 1| addzeo.
|-----------------------------------------------------------------------------------------------|
| 0  1  1  1  1  1|      S       | 0|    SR     | 0  0  0  0  0| 0  0  1  1  0  1  0  1  1  1| 0| mtsr
|-----------------------------------------------------------------------------------------------|
| 0  1  1  1  1  1|      S       |      A       |      B       | 0  0  1  1  0  1  0  1  1  1| 0| stbx
|-----------------------------------------------------------------------------------------------|
| 0  1  1  1  1  1|      D       |      A       | 0  0  0  0  0| 0| 0  1  1  1  0  1  0  0  0| 0| subfme
|-----------------------------------------------------------------------------------------------|
| 0  1  1  1  1  1|      D       |      A       | 0  0  0  0  0| 0| 0  1  1  1  0  1  0  0  0| 1| subfme.
|-----------------------------------------------------------------------------------------------|
| 0  1  1  1  1  1|      D       |      A       | 0  0  0  0  0| 1| 0  1  1  1  0  1  0  0  0| 0| subfmeo
|-----------------------------------------------------------------------------------------------|
| 0  1  1  1  1  1|      D       |      A       | 0  0  0  0  0| 1| 0  1  1  1  0  1  0  0  0| 1| subfmeo.
|-----------------------------------------------------------------------------------------------|
| 0  1  1  1  1  1|      D       |      A       | 0  0  0  0  0| 0| 0  1  1  1  0  1  0  1  0| 0| addme
|-----------------------------------------------------------------------------------------------|
| 0  1  1  1  1  1|      D       |      A       | 0  0  0  0  0| 0| 0  1  1  1  0  1  0  1  0| 1| addme.
|-----------------------------------------------------------------------------------------------|
| 0  1  1  1  1  1|      D       |      A       | 0  0  0  0  0| 1| 0  1  1  1  0  1  0  1  0| 0| addmeo
|-----------------------------------------------------------------------------------------------|
| 0  1  1  1  1  1|      D       |      A       | 0  0  0  0  0| 1| 0  1  1  1  0  1  0  1  0| 1| addmeo.
|-----------------------------------------------------------------------------------------------|
| 0  1  1  1  1  1|      D       |      A       |      B       | 0| 0  1  1  1  0  1  0  1  1| 0| mullw
|-----------------------------------------------------------------------------------------------|
| 0  1  1  1  1  1|      D       |      A       |      B       | 0| 0  1  1  1  0  1  0  1  1| 1| mullw.
|-----------------------------------------------------------------------------------------------|
| 0  1  1  1  1  1|      D       |      A       |      B       | 1| 0  1  1  1  0  1  0  1  1| 0| mullwo
|-----------------------------------------------------------------------------------------------|
| 0  1  1  1  1  1|      D       |      A       |      B       | 1| 0  1  1  1  0  1  0  1  1| 1| mullwo.
|-----------------------------------------------------------------------------------------------|
| 0  1  1  1  1  1|      S       | 0  0  0  0  0|      B       | 0  0  1  1  1  1  0  0  1  0| 0| mtsrin
|-----------------------------------------------------------------------------------------------|
| 0  1  1  1  1  1| 0  0  0  0  0|      A       |      B       | 0  0  1  1  1  1  0  1  1  0| 0| dcbtst
|-----------------------------------------------------------------------------------------------|
| 0  1  1  1  1  1|      S       |      A       |      B       | 0  0  1  1  1  1  0  1  1  1| 0| stbux
|-----------------------------------------------------------------------------------------------|
| 0  1  1  1  1  1|      D       |      A       |      B       | 0| 1  0  0  0  0  1  0  1  0| 0| add
|-----------------------------------------------------------------------------------------------|
| 0  1  1  1  1  1|      D       |      A       |      B       | 0| 1  0  0  0  0  1  0  1  0| 1| add.
|-----------------------------------------------------------------------------------------------|
| 0  1  1  1  1  1|      D       |      A       |      B       | 1| 1  0  0  0  0  1  0  1  0| 0| addo
|-----------------------------------------------------------------------------------------------|
| 0  1  1  1  1  1|      D       |      A       |      B       | 1| 1  0  0  0  0  1  0  1  0| 1| addo.
|-----------------------------------------------------------------------------------------------|
| 0  1  1  1  1  1| 0  0  0  0  0|      A       |      B       | 0  1  0  0  0  1  0  1  1  0| 0| dcbt
|-----------------------------------------------------------------------------------------------|
| 0  1  1  1  1  1|      D       |      A       |      B       | 0  1  0  0  0  1  0  1  1  1| 0| lhzx
|-----------------------------------------------------------------------------------------------|
| 0  1  1  1  1  1|      S       |      A       |      B       | 0  1  0  0  0  1  1  1  0  0| 0| eqv
|-----------------------------------------------------------------------------------------------|
| 0  1  1  1  1  1|      S       |      A       |      B       | 0  1  0  0  0  1  1  1  0  0| 1| eqv.
|-----------------------------------------------------------------------------------------------|
| 0  1  1  1  1  1| 0  0  0  0  0| 0  0  0  0  0|      B       | 0  1  0  0  1  1  0  0  1  0| 0| tlbie
|-----------------------------------------------------------------------------------------------|
| 0  1  1  1  1  1|      D       |      A       |      B       | 0  1  0  0  1  1  0  1  1  0| 0| eciwx
|-----------------------------------------------------------------------------------------------|
| 0  1  1  1  1  1|      D       |      A       |      B       | 0  1  0  0  1  1  0  1  1  1| 0| lhzux
|-----------------------------------------------------------------------------------------------|
| 0  1  1  1  1  1|      S       |      A       |      B       | 0  1  0  0  1  1  1  1  0  0| 0| xor
|-----------------------------------------------------------------------------------------------|
| 0  1  1  1  1  1|      S       |      A       |      B       | 0  1  0  0  1  1  1  1  0  0| 1| xor.
|-----------------------------------------------------------------------------------------------|
| 0  1  1  1  1  1|      D       |             spr             | 0  1  0  1  0  1  0  0  1  1| 0| mfspr
|-----------------------------------------------------------------------------------------------|
| 0  1  1  1  1  1|      D       |      A       |      B       | 0  1  0  1  0  1  0  1  1  1| 0| lhax
|-----------------------------------------------------------------------------------------------|
| 0  1  1  1  1  1|      D       |             tbr             | 0  1  0  1  1  1  0  0  1  1| 0| mftb
|-----------------------------------------------------------------------------------------------|
| 0  1  1  1  1  1|      D       |      A       |      B       | 0  1  0  1  1  1  0  1  1  1| 0| lhaux
|-----------------------------------------------------------------------------------------------|
| 0  1  1  1  1  1|      S       |      A       |      B       | 0  1  1  0  0  1  0  1  1  1| 0| sthx
|-----------------------------------------------------------------------------------------------|
| 0  1  1  1  1  1|      S       |      A       |      B       | 0  1  1  0  0  1  1  1  0  0| 0| orc
|-----------------------------------------------------------------------------------------------|
| 0  1  1  1  1  1|      S       |      A       |      B       | 0  1  1  0  0  1  1  1  0  0| 1| orc.
|-----------------------------------------------------------------------------------------------|
| 0  1  1  1  1  1|      S       |      A       |      B       | 0  1  1  0  1  1  0  1  1  0| 0| ecowx
|-----------------------------------------------------------------------------------------------|
| 0  1  1  1  1  1|      S       |      A       |      B       | 0  1  1  0  1  1  0  1  1  1| 0| sthux
|-----------------------------------------------------------------------------------------------|
| 0  1  1  1  1  1|      S       |      A       |      B       | 0  1  1  0  1  1  1  1  0  0| 0| or
|-----------------------------------------------------------------------------------------------|
| 0  1  1  1  1  1|      S       |      A       |      B       | 0  1  1  0  1  1  1  1  0  0| 1| or.
|-----------------------------------------------------------------------------------------------|
| 0  1  1  1  1  1|      D       |      A       |      B       | 0| 1  1  1  0  0  1  0  1  1| 0| divwu
|-----------------------------------------------------------------------------------------------|
| 0  1  1  1  1  1|      D       |      A       |      B       | 0| 1  1  1  0  0  1  0  1  1| 1| divwu.
|-----------------------------------------------------------------------------------------------|
| 0  1  1  1  1  1|      D       |      A       |      B       | 1| 1  1  1  0  0  1  0  1  1| 0| divwuo
|-----------------------------------------------------------------------------------------------|
| 0  1  1  1  1  1|      D       |      A       |      B       | 1| 1  1  1  0  0  1  0  1  1| 1| divwuo.
|-----------------------------------------------------------------------------------------------|
| 0  1  1  1  1  1|      S       |             spr             | 0  1  1  1  0  1  0  0  1  1| 0| mtspr
|-----------------------------------------------------------------------------------------------|
| 0  1  1  1  1  1| 0  0  0  0  0|      A       |      B       | 0  1  1  1  0  1  0  1  1  0| 0| dcbi
|-----------------------------------------------------------------------------------------------|
| 0  1  1  1  1  1|      S       |      A       |      B       | 0  1  1  1  0  1  1  1  0  0| 0| nand
|-----------------------------------------------------------------------------------------------|
| 0  1  1  1  1  1|      S       |      A       |      B       | 0  1  1  1  0  1  1  1  0  0| 1| nand.
|-----------------------------------------------------------------------------------------------|
| 0  1  1  1  1  1|      D       |      A       |      B       | 0| 1  1  1  1  0  1  0  1  1| 0| divw
|-----------------------------------------------------------------------------------------------|
| 0  1  1  1  1  1|      D       |      A       |      B       | 0| 1  1  1  1  0  1  0  1  1| 1| divw.
|-----------------------------------------------------------------------------------------------|
| 0  1  1  1  1  1|      D       |      A       |      B       | 1| 1  1  1  1  0  1  0  1  1| 0| divwo
|-----------------------------------------------------------------------------------------------|
| 0  1  1  1  1  1|      D       |      A       |      B       | 1| 1  1  1  1  0  1  0  1  1| 1| divwo.
|-----------------------------------------------------------------------------------------------|
| 0  1  1  1  1  1|  crfD  | 0  0| 0  0  0  0  0| 0  0  0  0  0| 1  0  0  0  0  0  0  0  0  0| 0| mcrxr
|-----------------------------------------------------------------------------------------------|
| 0  1  1  1  1  1|      D       |      A       |      B       | 1  0  0  0  0  1  0  1  0  1| 0| lswx
|-----------------------------------------------------------------------------------------------|
| 0  1  1  1  1  1|      D       |      A       |      B       | 1  0  0  0  0  1  0  1  1  0| 0| lwbrx
|-----------------------------------------------------------------------------------------------|
| 0  1  1  1  1  1|      D       |      A       |      B       | 1  0  0  0  0  1  0  1  1  1| 0| lfsx
|-----------------------------------------------------------------------------------------------|
| 0  1  1  1  1  1|      S       |      A       |      B       | 1  0  0  0  0  1  1  0  0  0| 0| srw
|-----------------------------------------------------------------------------------------------|
| 0  1  1  1  1  1|      S       |      A       |      B       | 1  0  0  0  0  1  1  0  0  0| 1| srw.
|-----------------------------------------------------------------------------------------------|
| 0  1  1  1  1  1| 0  0  0  0  0| 0  0  0  0  0| 0  0  0  0  0| 1  0  0  0  1  1  0  1  1  0| 0| tlbsync
|-----------------------------------------------------------------------------------------------|
| 0  1  1  1  1  1|      D       |      A       |      B       | 1  0  0  0  1  1  0  1  1  1| 0| lfsux
|-----------------------------------------------------------------------------------------------|
| 0  1  1  1  1  1|      D       | 0|    SR     | 0  0  0  0  0| 1  0  0  1  0  1  0  0  1  1| 0| mfsr
|-----------------------------------------------------------------------------------------------|
| 0  1  1  1  1  1|      D       |      A       |      NB      | 1  0  0  1  0  1  0  1  0  1| 0| lswi
|-----------------------------------------------------------------------------------------------|
| 0  1  1  1  1  1| 0  0  0  0  0| 0  0  0  0  0| 0  0  0  0  0| 1  0  0  1  0  1  0  1  1  0| 0| sync
|-----------------------------------------------------------------------------------------------|
| 0  1  1  1  1  1|      D       |      A       |      B       | 1  0  0  1  0  1  0  1  1  1| 0| lfdx
|-----------------------------------------------------------------------------------------------|
| 0  1  1  1  1  1|      D       |      A       |      B       | 1  0  0  1  1  1  0  1  1  1| 0| lfdux
|-----------------------------------------------------------------------------------------------|
| 0  1  1  1  1  1|      D       | 0  0  0  0  0|      B       | 1  0  1  0  0  1  0  0  1  1| 0| mfsrin
|-----------------------------------------------------------------------------------------------|
| 0  1  1  1  1  1|      S       |      A       |      B       | 1  0  1  0  0  1  0  1  0  1| 0| stswx
|-----------------------------------------------------------------------------------------------|
| 0  1  1  1  1  1|      S       |      A       |      B       | 1  0  1  0  0  1  0  1  1  0| 0| stwbrx
|-----------------------------------------------------------------------------------------------|
| 0  1  1  1  1  1|      S       |      A       |      B       | 1  0  1  0  0  1  0  1  1  1| 0| stfsx
|-----------------------------------------------------------------------------------------------|
| 0  1  1  1  1  1|      S       |      A       |      B       | 1  0  1  0  1  1  0  1  1  1| 0| stfsux
|-----------------------------------------------------------------------------------------------|
| 0  1  1  1  1  1|      S       |      A       |      NB      | 1  0  1  1  0  1  0  1  0  1| 0| stswi
|-----------------------------------------------------------------------------------------------|
| 0  1  1  1  1  1|      S       |      A       |      B       | 1  0  1  1  0  1  0  1  1  1| 0| stfdx
|-----------------------------------------------------------------------------------------------|
| 0  1  1  1  1  1|      S       |      A       |      B       | 1  0  1  1  1  1  0  1  1  1| 0| stfdux
|-----------------------------------------------------------------------------------------------|
| 0  1  1  1  1  1|      D       |      A       |      B       | 1  1  0  0  0  1  0  1  1  0| 0| lhbrx
|-----------------------------------------------------------------------------------------------|
| 0  1  1  1  1  1|      S       |      A       |      B       | 1  1  0  0  0  1  1  0  0  0| 0| sraw
|-----------------------------------------------------------------------------------------------|
| 0  1  1  1  1  1|      S       |      A       |      B       | 1  1  0  0  0  1  1  0  0  0| 1| sraw
|-----------------------------------------------------------------------------------------------|
| 0  1  1  1  1  1|      S       |      A       |      SH      | 1  1  0  0  1  1  1  0  0  0| 0| srawi
|-----------------------------------------------------------------------------------------------|
| 0  1  1  1  1  1|      S       |      A       |      SH      | 1  1  0  0  1  1  1  0  0  0| 1| srawi.
|-----------------------------------------------------------------------------------------------|
| 0  1  1  1  1  1| 0  0  0  0  0| 0  0  0  0  0| 0  0  0  0  0| 1  1  0  1  0  1  0  1  1  0| 0| eieio
|-----------------------------------------------------------------------------------------------|
| 0  1  1  1  1  1|      S       |      A       |      B       | 1  1  1  0  0  1  0  1  1  0| 0| sthbrx
|-----------------------------------------------------------------------------------------------|
| 0  1  1  1  1  1|      S       |      A       | 0  0  0  0  0| 1  1  1  0  0  1  1  0  1  0| 0| extsh
|-----------------------------------------------------------------------------------------------|
| 0  1  1  1  1  1|      S       |      A       | 0  0  0  0  0| 1  1  1  0  0  1  1  0  1  0| 1| extsh.
|-----------------------------------------------------------------------------------------------|
| 0  1  1  1  1  1|      S       |      A       | 0  0  0  0  0| 1  1  1  0  1  1  1  0  1  0| 0| extsb
|-----------------------------------------------------------------------------------------------|
| 0  1  1  1  1  1|      S       |      A       | 0  0  0  0  0| 1  1  1  0  1  1  1  0  1  0| 1| extsb.
|-----------------------------------------------------------------------------------------------|
| 0  1  1  1  1  1| 0  0  0  0  0|      A       |      B       | 1  1  1  1  0  1  0  1  1  0| 0| icbi
|-----------------------------------------------------------------------------------------------|
| 0  1  1  1  1  1|      S       |      A       |      B       | 1  1  1  1  0  1  0  1  1  1| 0| stfiwx
|-----------------------------------------------------------------------------------------------|
| 0  1  1  1  1  1| 0  0  0  0  0|      A       |      B       | 1  1  1  1  1  1  0  1  1  0| 0| dcbz
|-----------------------------------------------------------------------------------------------|
| 1  0  0  0  0  0|      D       |      A       |                        d                      | lwz
|-----------------------------------------------------------------------------------------------|
| 1  0  0  0  0  1|      D       |      A       |                        d                      | lwzu
|-----------------------------------------------------------------------------------------------|
| 1  0  0  0  1  0|      D       |      A       |                        d                      | lbz
|-----------------------------------------------------------------------------------------------|
| 1  0  0  0  1  1|      D       |      A       |                        d                      | lbzu
|-----------------------------------------------------------------------------------------------|
| 1  0  0  1  0  0|      S       |      A       |                        d                      | stw
|-----------------------------------------------------------------------------------------------|
| 1  0  0  1  0  1|      S       |      A       |                        d                      | stwu
|-----------------------------------------------------------------------------------------------|
| 1  0  0  1  1  0|      S       |      A       |                        d                      | stb
|-----------------------------------------------------------------------------------------------|
| 1  0  0  1  1  1|      S       |      A       |                        d                      | stbu
|-----------------------------------------------------------------------------------------------|
| 1  0  1  0  0  0|      D       |      A       |                        d                      | lhz
|-----------------------------------------------------------------------------------------------|
| 1  0  1  0  0  1|      D       |      A       |                        d                      | lhzu
|-----------------------------------------------------------------------------------------------|
| 1  0  1  0  1  0|      D       |      A       |                        d                      | lha
|-----------------------------------------------------------------------------------------------|
| 1  0  1  0  1  1|      D       |      A       |                        d                      | lhau
|-----------------------------------------------------------------------------------------------|
| 1  0  1  1  0  0|      S       |      A       |                        d                      | sth
|-----------------------------------------------------------------------------------------------|
| 1  0  1  1  0  1|      S       |      A       |                        d                      | sthu
|-----------------------------------------------------------------------------------------------|
| 1  0  1  1  1  0|      S       |      A       |                        d                      | lmw
|-----------------------------------------------------------------------------------------------|
| 1  0  1  1  1  1|      S       |      A       |                        d                      | stmw
|-----------------------------------------------------------------------------------------------|
| 1  1  0  0  0  0|      D       |      A       |                        d                      | lfs
|-----------------------------------------------------------------------------------------------|
| 1  1  0  0  0  1|      D       |      A       |                        d                      | lfsu
|-----------------------------------------------------------------------------------------------|
| 1  1  0  0  1  0|      D       |      A       |                        d                      | lfd
|-----------------------------------------------------------------------------------------------|
| 1  1  0  0  1  1|      D       |      A       |                        d                      | lfdu
|-----------------------------------------------------------------------------------------------|
| 1  1  0  1  0  0|      S       |      A       |                        d                      | stfs
|-----------------------------------------------------------------------------------------------|
| 1  1  0  1  0  1|      S       |      A       |                        d                      | stfsu
|-----------------------------------------------------------------------------------------------|
| 1  1  0  1  1  0|      S       |      A       |                        d                      | stfd
|-----------------------------------------------------------------------------------------------|
| 1  1  0  1  1  1|      S       |      A       |                        d                      | stfdu
|-----------------------------------------------------------------------------------------------|
| 1  1  1  0  0  0|      D       |      A       | w|   i    |                 d                 | psq_l
|-----------------------------------------------------------------------------------------------|
| 1  1  1  0  0  1|      D       |      A       | w|   i    |                 d                 | psq_lu
|-----------------------------------------------------------------------------------------------|
| 1  1  1  0  1  1|      D       |      A       |      B       | 0  0  0  0  0| 1  0  0  1  0| 0| fdivs
|-----------------------------------------------------------------------------------------------|
| 1  1  1  0  1  1|      D       |      A       |      B       | 0  0  0  0  0| 1  0  0  1  0| 1| fdivs.
|-----------------------------------------------------------------------------------------------|
| 1  1  1  0  1  1|      D       |      A       |      B       | 0  0  0  0  0| 1  0  1  0  0| 0| fsubs
|-----------------------------------------------------------------------------------------------|
| 1  1  1  0  1  1|      D       |      A       |      B       | 0  0  0  0  0| 1  0  1  0  0| 1| fsubs.
|-----------------------------------------------------------------------------------------------|
| 1  1  1  0  1  1|      D       |      A       |      B       | 0  0  0  0  0| 1  0  1  0  1| 0| fadds
|-----------------------------------------------------------------------------------------------|
| 1  1  1  0  1  1|      D       |      A       |      B       | 0  0  0  0  0| 1  0  1  0  1| 1| fadds.
|-----------------------------------------------------------------------------------------------|
| 1  1  1  0  1  1|      D       | 0  0  0  0  0|      B       | 0  0  0  0  0| 1  1  0  0  0| 0| fres
|-----------------------------------------------------------------------------------------------|
| 1  1  1  0  1  1|      D       | 0  0  0  0  0|      B       | 0  0  0  0  0| 1  1  0  0  0| 1| fres.
|-----------------------------------------------------------------------------------------------|
| 1  1  1  0  1  1|      D       |      A       | 0  0  0  0  0|      C       | 1  1  0  0  1| 0| fmuls
|-----------------------------------------------------------------------------------------------|
| 1  1  1  0  1  1|      D       |      A       | 0  0  0  0  0|      C       | 1  1  0  0  1| 1| fmuls.
|-----------------------------------------------------------------------------------------------|
| 1  1  1  0  1  1|      D       |      A       |      B       |      C       | 1  1  1  0  0| 0| fmsubs
|-----------------------------------------------------------------------------------------------|
| 1  1  1  0  1  1|      D       |      A       |      B       |      C       | 1  1  1  0  0| 1| fmsubs.
|-----------------------------------------------------------------------------------------------|
| 1  1  1  0  1  1|      D       |      A       |      B       |      C       | 1  1  1  0  1| 0| fmadds
|-----------------------------------------------------------------------------------------------|
| 1  1  1  0  1  1|      D       |      A       |      B       |      C       | 1  1  1  0  1| 1| fmadds.
|-----------------------------------------------------------------------------------------------|
| 1  1  1  0  1  1|      D       |      A       |      B       |      C       | 1  1  1  1  0| 0| fnmsubs
|-----------------------------------------------------------------------------------------------|
| 1  1  1  0  1  1|      D       |      A       |      B       |      C       | 1  1  1  1  0| 1| fnmsubs.
|-----------------------------------------------------------------------------------------------|
| 1  1  1  0  1  1|      D       |      A       |      B       |      C       | 1  1  1  1  1| 0| fnmadds
|-----------------------------------------------------------------------------------------------|
| 1  1  1  0  1  1|      D       |      A       |      B       |      C       | 1  1  1  1  1| 1| fnmadds.
|-----------------------------------------------------------------------------------------------|
| 1  1  1  1  0  0|      S       |      A       | w|   i    |                 d                 | psq_st
|-----------------------------------------------------------------------------------------------|
| 1  1  1  1  0  1|      S       |      A       | w|   i    |                 d                 | psq_stu
|-----------------------------------------------------------------------------------------------|
| 1  1  1  1  1  1|  crfD  | 0  0|      A       |      B       | 0  0  0  0  0  0  0  0  0  0| 0| fcmpu
|-----------------------------------------------------------------------------------------------|
| 1  1  1  1  1  1|      D       | 0  0  0  0  0|      B       | 0  0  0  0  0  0  1  1  0  0| 0| frsp
|-----------------------------------------------------------------------------------------------|
| 1  1  1  1  1  1|      D       | 0  0  0  0  0|      B       | 0  0  0  0  0  0  1  1  0  0| 1| frsp.
|-----------------------------------------------------------------------------------------------|
| 1  1  1  1  1  1|      D       | 0  0  0  0  0|      B       | 0  0  0  0  0  0  1  1  1  0| 0| fctiw
|-----------------------------------------------------------------------------------------------|
| 1  1  1  1  1  1|      D       | 0  0  0  0  0|      B       | 0  0  0  0  0  0  1  1  1  0| 1| fctiw.
|-----------------------------------------------------------------------------------------------|
| 1  1  1  1  1  1|      D       | 0  0  0  0  0|      B       | 0  0  0  0  0  0  1  1  1  1| 0| fctiwz
|-----------------------------------------------------------------------------------------------|
| 1  1  1  1  1  1|      D       | 0  0  0  0  0|      B       | 0  0  0  0  0  0  1  1  1  1| 1| fctiwz.
|-----------------------------------------------------------------------------------------------|
| 1  1  1  1  1  1|      D       |      A       |      B       | 0  0  0  0  0| 1  0  0  1  0| 0| fdiv
|-----------------------------------------------------------------------------------------------|
| 1  1  1  1  1  1|      D       |      A       |      B       | 0  0  0  0  0| 1  0  0  1  0| 1| fdiv.
|-----------------------------------------------------------------------------------------------|
| 1  1  1  1  1  1|      D       |      A       |      B       | 0  0  0  0  0| 1  0  1  0  0| 0| fsub
|-----------------------------------------------------------------------------------------------|
| 1  1  1  1  1  1|      D       |      A       |      B       | 0  0  0  0  0| 1  0  1  0  0| 1| fsub.
|-----------------------------------------------------------------------------------------------|
| 1  1  1  1  1  1|      D       |      A       |      B       | 0  0  0  0  0| 1  0  1  0  1| 0| fadd
|-----------------------------------------------------------------------------------------------|
| 1  1  1  1  1  1|      D       |      A       |      B       | 0  0  0  0  0| 1  0  1  0  1| 1| fadd.
|-----------------------------------------------------------------------------------------------|
| 1  1  1  1  1  1|      D       |      A       |      B       |      C       | 1  0  1  1  1| 0| fsel
|-----------------------------------------------------------------------------------------------|
| 1  1  1  1  1  1|      D       |      A       |      B       |      C       | 1  0  1  1  1| 1| fsel.
|-----------------------------------------------------------------------------------------------|
| 1  1  1  1  1  1|      D       |      A       | 0  0  0  0  0|      C       | 1  1  0  0  1| 0| fmul
|-----------------------------------------------------------------------------------------------|
| 1  1  1  1  1  1|      D       |      A       | 0  0  0  0  0|      C       | 1  1  0  0  1| 1| fmul.
|-----------------------------------------------------------------------------------------------|
| 1  1  1  1  1  1|      D       | 0  0  0  0  0|      B       | 0  0  0  0  0| 1  1  0  1  0| 0| frsqrte
|-----------------------------------------------------------------------------------------------|
| 1  1  1  1  1  1|      D       | 0  0  0  0  0|      B       | 0  0  0  0  0| 1  1  0  1  0| 1| frsqrte.
|-----------------------------------------------------------------------------------------------|
| 1  1  1  1  1  1|      D       |      A       |      B       |      C       | 1  1  1  0  0| 0| fmsub
|-----------------------------------------------------------------------------------------------|
| 1  1  1  1  1  1|      D       |      A       |      B       |      C       | 1  1  1  0  0| 1| fmsub.
|-----------------------------------------------------------------------------------------------|
| 1  1  1  1  1  1|      D       |      A       |      B       |      C       | 1  1  1  0  1| 0| fmadd
|-----------------------------------------------------------------------------------------------|
| 1  1  1  1  1  1|      D       |      A       |      B       |      C       | 1  1  1  0  1| 1| fmadd.
|-----------------------------------------------------------------------------------------------|
| 1  1  1  1  1  1|      D       |      A       |      B       |      C       | 1  1  1  1  0| 0| fnmsub
|-----------------------------------------------------------------------------------------------|
| 1  1  1  1  1  1|      D       |      A       |      B       |      C       | 1  1  1  1  0| 1| fnmsub.
|-----------------------------------------------------------------------------------------------|
| 1  1  1  1  1  1|      D       |      A       |      B       |      C       | 1  1  1  1  1| 0| fnmadd
|-----------------------------------------------------------------------------------------------|
| 1  1  1  1  1  1|      D       |      A       |      B       |      C       | 1  1  1  1  1| 1| fnmadd.
|-----------------------------------------------------------------------------------------------|
| 1  1  1  1  1  1|  crfD  | 0  0|      A       |      B       | 0  0  0  0  1  0  0  0  0  0| 0| fcmpo
|-----------------------------------------------------------------------------------------------|
| 1  1  1  1  1  1|     crbD     | 0  0  0  0  0| 0  0  0  0  0| 0  0  0  0  1  0  0  1  1  0| 0| mtfsb1
|-----------------------------------------------------------------------------------------------|
| 1  1  1  1  1  1|     crbD     | 0  0  0  0  0| 0  0  0  0  0| 0  0  0  0  1  0  0  1  1  0| 1| mtfsb1.
|-----------------------------------------------------------------------------------------------|
| 1  1  1  1  1  1|      D       | 0  0  0  0  0|      B       | 0  0  0  0  1  0  1  0  0  0| 0| fneg
|-----------------------------------------------------------------------------------------------|
| 1  1  1  1  1  1|      D       | 0  0  0  0  0|      B       | 0  0  0  0  1  0  1  0  0  0| 1| fneg.
|-----------------------------------------------------------------------------------------------|
| 1  1  1  1  1  1|  crfD  | 0  0|  crfS  | 0  0| 0  0  0  0  0| 0  0  0  1  0  0  0  0  0  0| 0| mcrfs
|-----------------------------------------------------------------------------------------------|
| 1  1  1  1  1  1|     crbD     | 0  0  0  0  0| 0  0  0  0  0| 0  0  0  1  0  0  0  1  1  0| 0| mtfsb0
|-----------------------------------------------------------------------------------------------|
| 1  1  1  1  1  1|     crbD     | 0  0  0  0  0| 0  0  0  0  0| 0  0  0  1  0  0  0  1  1  0| 1| mtfsb0.
|-----------------------------------------------------------------------------------------------|
| 1  1  1  1  1  1|      D       | 0  0  0  0  0|      B       | 0  0  0  1  0  0  1  0  0  0| 0| fmr
|-----------------------------------------------------------------------------------------------|
| 1  1  1  1  1  1|      D       | 0  0  0  0  0|      B       | 0  0  0  1  0  0  1  0  0  0| 1| fmr.
|-----------------------------------------------------------------------------------------------|
| 1  1  1  1  1  1|  crfD  | 0  0| 0  0  0  0  0|    IMM    | 0| 0  0  1  0  0  0  0  1  1  0| 0| mtfsfi
|-----------------------------------------------------------------------------------------------|
| 1  1  1  1  1  1|  crfD  | 0  0| 0  0  0  0  0|    IMM    | 0| 0  0  1  0  0  0  0  1  1  0| 1| mtfsfi.
|-----------------------------------------------------------------------------------------------|
| 1  1  1  1  1  1|      D       | 0  0  0  0  0|      B       | 0  0  1  0  0  0  1  0  0  0| 0| fnabs
|-----------------------------------------------------------------------------------------------|
| 1  1  1  1  1  1|      D       | 0  0  0  0  0|      B       | 0  0  1  0  0  0  1  0  0  0| 1| fnabs.
|-----------------------------------------------------------------------------------------------|
| 1  1  1  1  1  1|      D       | 0  0  0  0  0|      B       | 0  1  0  0  0  0  1  0  0  0| 0| fabs
|-----------------------------------------------------------------------------------------------|
| 1  1  1  1  1  1|      D       | 0  0  0  0  0|      B       | 0  1  0  0  0  0  1  0  0  0| 1| fabs.
|-----------------------------------------------------------------------------------------------|
| 1  1  1  1  1  1|      D       | 0  0  0  0  0| 0  0  0  0  0| 1  0  0  1  0  0  0  1  1  1| 0| mffs
|-----------------------------------------------------------------------------------------------|
| 1  1  1  1  1  1|      D       | 0  0  0  0  0| 0  0  0  0  0| 1  0  0  1  0  0  0  1  1  1| 1| mffs.
|-----------------------------------------------------------------------------------------------|
| 1  1  1  1  1  1| 0|          FM           | 0|      B       | 1  0  1  1  0  0  0  1  1  1| 0| mtfsf
|-----------------------------------------------------------------------------------------------|
| 1  1  1  1  1  1| 0|          FM           | 0|      B       | 1  0  1  1  0  0  0  1  1  1| 1| mtfsf.
|-----------------------------------------------------------------------------------------------|
